0 0.29131944444444446 0.1607638888888889 0.06597222222222221 0.10486111111111113
0 0.40694444444444444 0.15694444444444444 0.07499999999999996 0.10694444444444445
0 0.7430555555555556 0.4975694444444445 0.10000000000000009 0.15902777777777782
1 0.5472222222222223 0.14583333333333334 0.06666666666666665 0.10000000000000002
1 0.7166666666666667 0.3111111111111111 0.07777777777777772 0.11388888888888893
1 0.3055555555555556 0.4986111111111111 0.0888888888888889 0.1555555555555555
2 0.3013888888888889 0.30694444444444446 0.06388888888888888 0.11388888888888893
2 0.4111111111111111 0.49027777777777776 0.08333333333333337 0.1527777777777778
2 0.6958333333333333 0.1527777777777778 0.06944444444444442 0.09999999999999999
3 0.425 0.2972222222222222 0.06666666666666665 0.1166666666666667
3 0.5305555555555556 0.30694444444444446 0.06666666666666665 0.10833333333333339
3 0.5902777777777778 0.48333333333333334 0.08055555555555549 0.15555555555555556
