0 0.2916666666666667 0.1597222222222222 0.06666666666666665 0.10277777777777776
0 0.40694444444444444 0.15555555555555556 0.07499999999999996 0.10555555555555557
0 0.7444444444444445 0.49583333333333335 0.10000000000000009 0.15833333333333327
1 0.5486111111111112 0.14583333333333334 0.06388888888888888 0.10000000000000002
1 0.7138888888888889 0.3125 0.07777777777777772 0.11111111111111116
1 0.3055555555555556 0.5 0.0888888888888889 0.15833333333333327
2 0.3013888888888889 0.30694444444444446 0.06388888888888888 0.11944444444444446
2 0.6972222222222222 0.15138888888888888 0.07222222222222219 0.10277777777777779
2 0.4097222222222222 0.4888888888888889 0.08611111111111114 0.15555555555555556
3 0.4236111111111111 0.2972222222222222 0.06944444444444442 0.1166666666666667
3 0.5291666666666667 0.3055555555555556 0.06944444444444442 0.11111111111111116
3 0.5888888888888889 0.48333333333333334 0.07777777777777772 0.15555555555555556
