0 0.34305555555555556 0.08055555555555557 0.11944444444444446 0.1388888888888889
0 0.4583333333333333 0.14027777777777778 0.0888888888888889 0.13611111111111107
0 0.5513888888888889 0.6236111111111111 0.125 0.15277777777777768
1 0.5916666666666667 0.20416666666666666 0.10555555555555562 0.13055555555555554
1 0.6319444444444444 0.44861111111111107 0.09722222222222232 0.12499999999999994
1 0.18194444444444444 0.4583333333333333 0.14166666666666666 0.16666666666666663
2 0.7180555555555556 0.28194444444444444 0.09166666666666656 0.125
2 0.27361111111111114 0.25833333333333336 0.1138888888888889 0.13888888888888892
2 0.2847222222222222 0.49027777777777776 0.125 0.16388888888888886
3 0.3902777777777778 0.3055555555555556 0.11388888888888893 0.13888888888888887
3 0.48194444444444445 0.3638888888888889 0.10277777777777775 0.12777777777777777
3 0.4361111111111111 0.5555555555555556 0.1333333333333333 0.1555555555555555
