0 0.24722222222222223 0.1111111111111111 0.08333333333333334 0.1388888888888889
0 0.36944444444444446 0.13055555555555556 0.07777777777777772 0.12222222222222223
0 0.6458333333333334 0.5541666666666667 0.07499999999999996 0.1472222222222222
1 0.5111111111111111 0.1486111111111111 0.061111111111111116 0.125
1 0.6416666666666667 0.3611111111111111 0.061111111111111116 0.1166666666666667
1 0.24583333333333335 0.5305555555555556 0.09722222222222224 0.17222222222222228
2 0.6430555555555556 0.18194444444444444 0.05833333333333335 0.11388888888888887
2 0.25 0.30277777777777776 0.07777777777777775 0.13888888888888892
2 0.3527777777777778 0.525 0.08333333333333337 0.16111111111111115
3 0.37777777777777777 0.30833333333333335 0.07222222222222219 0.1333333333333333
3 0.47638888888888886 0.3347222222222222 0.06388888888888888 0.125
3 0.5180555555555556 0.5305555555555556 0.09166666666666662 0.1555555555555556
