0 0.3236111111111111 0.10694444444444445 0.07499999999999996 0.125
0 0.44722222222222224 0.10694444444444444 0.07777777777777783 0.11944444444444444
0 0.7694444444444445 0.5166666666666667 0.0888888888888888 0.16666666666666669
1 0.6013888888888889 0.10694444444444444 0.06388888888888888 0.11944444444444444
1 0.7611111111111111 0.3111111111111111 0.07222222222222219 0.12222222222222223
1 0.32083333333333336 0.4888888888888889 0.09722222222222221 0.17222222222222217
2 0.7597222222222222 0.125 0.06944444444444442 0.11666666666666668
2 0.3277777777777778 0.2777777777777778 0.07222222222222219 0.12777777777777777
2 0.42916666666666664 0.4888888888888889 0.0805555555555556 0.1611111111111111
3 0.45555555555555555 0.275 0.06666666666666665 0.12777777777777777
3 0.5680555555555555 0.29305555555555557 0.06944444444444442 0.125
3 0.6125 0.49444444444444446 0.09722222222222232 0.17222222222222228
