0 0.2569444444444444 0.15555555555555556 0.07499999999999998 0.14444444444444443
0 0.3958333333333333 0.15416666666666667 0.09166666666666667 0.14166666666666666
0 0.7111111111111111 0.5638888888888889 0.0888888888888888 0.14444444444444438
1 0.5694444444444444 0.15 0.07222222222222219 0.13333333333333336
1 0.7222222222222222 0.37083333333333335 0.06666666666666665 0.125
1 0.28888888888888886 0.5597222222222222 0.07777777777777775 0.1472222222222222
2 0.7444444444444445 0.1638888888888889 0.06666666666666665 0.13333333333333336
2 0.275 0.35 0.07777777777777775 0.1333333333333333
2 0.3888888888888889 0.55 0.08333333333333337 0.14444444444444438
3 0.4097222222222222 0.3458333333333333 0.07499999999999996 0.1416666666666666
3 0.5236111111111111 0.35694444444444445 0.06944444444444442 0.13611111111111107
3 0.5666666666666667 0.5513888888888889 0.10000000000000009 0.15277777777777773
