0 0.46111111111111114 0.10416666666666667 0.10555555555555557 0.13055555555555556
0 0.5736111111111111 0.15416666666666667 0.08055555555555549 0.125
0 0.7069444444444445 0.6361111111111111 0.11944444444444446 0.1611111111111112
1 0.7097222222222223 0.20972222222222225 0.09166666666666656 0.12500000000000003
1 0.7736111111111111 0.45138888888888884 0.08611111111111103 0.12499999999999994
1 0.3277777777777778 0.46944444444444444 0.1333333333333333 0.17222222222222228
2 0.40694444444444444 0.27361111111111114 0.10277777777777775 0.13611111111111107
2 0.42916666666666664 0.5027777777777778 0.11944444444444446 0.16111111111111115
2 0.8388888888888889 0.28194444444444444 0.08333333333333326 0.125
3 0.5208333333333334 0.3138888888888889 0.10833333333333339 0.13888888888888887
3 0.6125 0.36944444444444446 0.09722222222222232 0.1333333333333333
3 0.5861111111111111 0.5638888888888889 0.1333333333333333 0.16666666666666669
