0 0.49444444444444446 0.0763888888888889 0.1166666666666667 0.13055555555555554
0 0.6 0.1375 0.09444444444444433 0.13055555555555554
0 0.6861111111111111 0.6347222222222222 0.1333333333333333 0.16388888888888897
1 0.7333333333333333 0.20833333333333337 0.10000000000000009 0.1277777777777778
1 0.7694444444444445 0.4555555555555555 0.09444444444444433 0.1277777777777777
1 0.32222222222222224 0.4305555555555556 0.1444444444444445 0.17222222222222228
2 0.42083333333333334 0.24027777777777778 0.11388888888888893 0.13611111111111113
2 0.41944444444444445 0.4722222222222222 0.1333333333333333 0.16666666666666669
2 0.8541666666666666 0.29305555555555557 0.09166666666666656 0.125
3 0.5333333333333333 0.29444444444444445 0.11111111111111116 0.14444444444444446
3 0.6180555555555556 0.35694444444444445 0.10277777777777786 0.13055555555555554
3 0.5708333333333333 0.5513888888888889 0.1472222222222222 0.16388888888888892
