0 0.3263888888888889 0.08333333333333333 0.0805555555555556 0.1222222222222222
0 0.4527777777777778 0.0875 0.07777777777777783 0.125
0 0.7722222222222223 0.4986111111111111 0.0888888888888888 0.16388888888888892
1 0.6069444444444444 0.08611111111111111 0.06388888888888888 0.12222222222222223
1 0.7638888888888888 0.2902777777777778 0.07222222222222219 0.125
1 0.3263888888888889 0.475 0.09166666666666667 0.16111111111111115
2 0.7652777777777777 0.10416666666666667 0.06944444444444442 0.11944444444444444
2 0.33055555555555555 0.25972222222222224 0.07222222222222219 0.13055555555555554
2 0.43194444444444446 0.4722222222222222 0.0805555555555556 0.16111111111111115
3 0.4597222222222222 0.25555555555555554 0.06944444444444442 0.12777777777777777
3 0.5708333333333333 0.27361111111111114 0.06944444444444442 0.125
3 0.6152777777777778 0.47638888888888886 0.09722222222222232 0.1694444444444445
