0 0.44999999999999996 0.10833333333333334 0.1277777777777777 0.12777777777777777
0 0.5430555555555555 0.19166666666666665 0.1027777777777778 0.12777777777777774
0 0.5208333333333334 0.6833333333333333 0.1472222222222222 0.1333333333333333
1 0.6555555555555556 0.2861111111111111 0.11111111111111116 0.12222222222222223
1 0.6402777777777777 0.5375 0.10833333333333339 0.125
1 0.20277777777777778 0.4263888888888889 0.16666666666666663 0.16388888888888886
2 0.3416666666666667 0.25555555555555554 0.12777777777777777 0.1333333333333333
2 0.7555555555555555 0.3958333333333333 0.10555555555555562 0.11944444444444446
2 0.2902777777777778 0.48194444444444445 0.1527777777777778 0.16388888888888886
3 0.44027777777777777 0.33194444444444443 0.125 0.13611111111111107
3 0.5138888888888888 0.4125 0.1166666666666667 0.13055555555555554
3 0.4236111111111111 0.5930555555555556 0.1527777777777778 0.15833333333333344
