0 0.3 0.09305555555555556 0.07777777777777783 0.13611111111111107
0 0.4361111111111111 0.09166666666666665 0.0888888888888889 0.14444444444444443
0 0.7736111111111111 0.5222222222222223 0.09166666666666656 0.1555555555555556
1 0.6069444444444444 0.08333333333333333 0.06944444444444442 0.13333333333333333
1 0.7736111111111111 0.30833333333333335 0.06944444444444442 0.12777777777777777
1 0.33055555555555555 0.5166666666666667 0.08333333333333337 0.16111111111111115
2 0.7805555555555556 0.09444444444444444 0.07222222222222219 0.1333333333333333
2 0.32083333333333336 0.29305555555555557 0.07499999999999996 0.13611111111111107
2 0.4375 0.5083333333333333 0.08611111111111114 0.16111111111111115
3 0.45555555555555555 0.2833333333333333 0.07777777777777783 0.13888888888888887
3 0.5708333333333333 0.2972222222222222 0.06944444444444442 0.1333333333333333
3 0.6222222222222222 0.5041666666666667 0.09444444444444455 0.16388888888888892
