0 0.3819444444444444 0.1361111111111111 0.07499999999999996 0.125
0 0.49444444444444446 0.15138888888888888 0.07222222222222219 0.1111111111111111
0 0.7541666666666667 0.5458333333333333 0.06944444444444442 0.13888888888888884
1 0.6263888888888889 0.16527777777777777 0.05833333333333335 0.11388888888888887
1 0.7513888888888889 0.3625 0.05833333333333335 0.10833333333333328
1 0.3763888888888889 0.5083333333333333 0.09166666666666667 0.16111111111111115
2 0.7541666666666667 0.19444444444444445 0.05833333333333335 0.10555555555555557
2 0.3819444444444444 0.3055555555555556 0.06944444444444442 0.12222222222222223
2 0.4722222222222222 0.5111111111111111 0.07777777777777772 0.14999999999999997
3 0.5 0.30972222222222223 0.06666666666666665 0.125
3 0.5930555555555556 0.3347222222222222 0.06388888888888888 0.11944444444444446
3 0.6291666666666667 0.5194444444444445 0.09166666666666656 0.1555555555555556
