0 0.19305555555555556 0.09722222222222221 0.09166666666666667 0.15555555555555556
0 0.3111111111111111 0.12777777777777777 0.07777777777777772 0.1333333333333333
0 0.5458333333333333 0.5708333333333333 0.06944444444444442 0.1416666666666666
1 0.44027777777777777 0.15833333333333333 0.05833333333333335 0.12777777777777777
1 0.5472222222222223 0.37777777777777777 0.05555555555555558 0.1166666666666667
1 0.18888888888888888 0.5513888888888889 0.1111111111111111 0.19166666666666665
2 0.5513888888888889 0.2 0.05277777777777781 0.1166666666666667
2 0.19583333333333333 0.30416666666666664 0.08055555555555555 0.1527777777777778
2 0.2902777777777778 0.5458333333333333 0.08611111111111114 0.1694444444444445
3 0.3138888888888889 0.3138888888888889 0.07222222222222219 0.13888888888888887
3 0.40555555555555556 0.34444444444444444 0.061111111111111116 0.1333333333333333
3 0.44027777777777777 0.5472222222222223 0.09166666666666667 0.1555555555555555
