0 0.2875 0.14722222222222223 0.06944444444444442 0.11944444444444446
0 0.4083333333333333 0.14722222222222223 0.07777777777777772 0.11944444444444446
0 0.7180555555555556 0.5319444444444444 0.08055555555555549 0.14999999999999997
1 0.5527777777777778 0.14444444444444443 0.061111111111111116 0.1111111111111111
1 0.7083333333333334 0.3375 0.06666666666666665 0.11388888888888893
1 0.3013888888888889 0.5263888888888889 0.08611111111111114 0.16388888888888892
2 0.6986111111111111 0.15694444444444444 0.06944444444444442 0.10833333333333334
2 0.2972222222222222 0.31666666666666665 0.07222222222222219 0.12222222222222223
2 0.40555555555555556 0.5180555555555556 0.08333333333333337 0.15833333333333338
3 0.41944444444444445 0.3111111111111111 0.06666666666666665 0.12222222222222223
3 0.5263888888888889 0.325 0.06388888888888888 0.12222222222222223
3 0.5777777777777777 0.5138888888888888 0.08333333333333326 0.1555555555555555
