0 0.3055555555555556 0.11944444444444444 0.07777777777777772 0.14444444444444443
0 0.4375 0.11527777777777778 0.09722222222222221 0.14166666666666666
0 0.7597222222222222 0.5416666666666666 0.08611111111111103 0.1555555555555556
1 0.6125 0.1125 0.06944444444444442 0.13055555555555556
1 0.7680555555555556 0.3388888888888889 0.06944444444444442 0.12777777777777777
1 0.33055555555555555 0.5333333333333333 0.08333333333333337 0.14999999999999997
2 0.7847222222222222 0.12777777777777777 0.06944444444444442 0.1333333333333333
2 0.32083333333333336 0.31666666666666665 0.07499999999999996 0.13888888888888887
2 0.43194444444444446 0.5236111111111111 0.0805555555555556 0.15277777777777785
3 0.45416666666666666 0.30833333333333335 0.06944444444444442 0.1333333333333333
3 0.5708333333333333 0.325 0.07499999999999996 0.1333333333333333
3 0.6097222222222223 0.5236111111111111 0.09722222222222232 0.15833333333333338
