0 0.3388888888888889 0.10694444444444444 0.12777777777777777 0.1361111111111111
0 0.44027777777777777 0.18472222222222223 0.10833333333333339 0.13611111111111107
0 0.4444444444444444 0.6763888888888889 0.13888888888888884 0.14722222222222214
1 0.5583333333333333 0.2722222222222222 0.11111111111111116 0.12777777777777777
1 0.5541666666666667 0.5208333333333334 0.10833333333333339 0.125
1 0.1125 0.4486111111111111 0.1638888888888889 0.1694444444444444
2 0.6625 0.37222222222222223 0.10277777777777786 0.12222222222222223
2 0.2388888888888889 0.2652777777777778 0.13333333333333336 0.1416666666666667
2 0.2013888888888889 0.49722222222222223 0.1527777777777778 0.16666666666666669
3 0.3472222222222222 0.3347222222222222 0.12222222222222223 0.13611111111111107
3 0.4222222222222222 0.40694444444444444 0.11111111111111105 0.13055555555555554
3 0.34305555555555556 0.5902777777777778 0.14722222222222225 0.1527777777777779
