0 0.21666666666666667 0.10694444444444444 0.07777777777777775 0.1361111111111111
0 0.34305555555555556 0.12083333333333335 0.0805555555555556 0.125
0 0.6388888888888888 0.5319444444444444 0.07777777777777772 0.1472222222222222
1 0.4916666666666666 0.13055555555555556 0.06111111111111106 0.12222222222222223
1 0.6333333333333333 0.3375 0.06666666666666665 0.11388888888888893
1 0.2222222222222222 0.5111111111111111 0.09999999999999998 0.17222222222222228
2 0.6347222222222222 0.15833333333333333 0.06388888888888888 0.11666666666666668
2 0.22500000000000003 0.2902777777777778 0.06666666666666668 0.13611111111111107
2 0.32916666666666666 0.5083333333333333 0.0805555555555556 0.1555555555555555
3 0.35555555555555557 0.2916666666666667 0.06666666666666665 0.1333333333333333
3 0.45694444444444443 0.3125 0.06944444444444442 0.125
3 0.5027777777777778 0.5111111111111111 0.08888888888888885 0.16111111111111115
