0 0.2791666666666667 0.18888888888888888 0.1138888888888889 0.1444444444444444
0 0.40555555555555556 0.22916666666666666 0.07777777777777772 0.13611111111111113
0 0.5777777777777777 0.6875 0.1166666666666667 0.125
1 0.5597222222222222 0.2722222222222222 0.09722222222222232 0.1333333333333333
1 0.6375 0.5152777777777777 0.09166666666666656 0.125
1 0.175 0.5916666666666667 0.12777777777777777 0.16666666666666674
2 0.7041666666666667 0.3333333333333333 0.08611111111111103 0.12777777777777777
2 0.23472222222222222 0.37777777777777777 0.10277777777777775 0.14444444444444438
2 0.2791666666666667 0.6069444444444444 0.10833333333333336 0.16388888888888897
3 0.3625 0.40694444444444444 0.10277777777777775 0.1416666666666666
3 0.4625 0.45277777777777783 0.09722222222222227 0.13333333333333336
3 0.4472222222222222 0.6486111111111111 0.12222222222222218 0.16388888888888897
