0 0.3416666666666667 0.11944444444444445 0.07222222222222219 0.13333333333333333
0 0.475 0.11944444444444445 0.08333333333333331 0.13333333333333333
0 0.8097222222222222 0.5416666666666666 0.08611111111111103 0.16111111111111115
1 0.6347222222222222 0.10972222222222222 0.06944444444444442 0.125
1 0.8013888888888889 0.32916666666666666 0.08055555555555549 0.13055555555555554
1 0.35833333333333334 0.5319444444444444 0.0888888888888889 0.1694444444444445
2 0.8027777777777778 0.12361111111111112 0.07222222222222219 0.125
2 0.35555555555555557 0.30833333333333335 0.07222222222222219 0.1333333333333333
2 0.46805555555555556 0.525 0.08611111111111108 0.16111111111111115
3 0.48750000000000004 0.3 0.07500000000000001 0.1333333333333333
3 0.6013888888888889 0.31527777777777777 0.06944444444444442 0.13055555555555554
3 0.6527777777777778 0.5208333333333334 0.09444444444444433 0.16388888888888892
