0 0.26944444444444443 0.15 0.0888888888888889 0.15833333333333333
0 0.375 0.19027777777777777 0.06666666666666665 0.1333333333333333
0 0.5611111111111111 0.6541666666666667 0.07222222222222219 0.1499999999999999
1 0.48472222222222217 0.23333333333333334 0.05277777777777776 0.12777777777777777
1 0.5680555555555555 0.45972222222222214 0.047222222222222276 0.11944444444444441
1 0.24027777777777776 0.6152777777777778 0.11944444444444444 0.20277777777777772
2 0.5791666666666667 0.2833333333333333 0.047222222222222276 0.11111111111111113
2 0.2611111111111111 0.3597222222222222 0.08333333333333334 0.15833333333333333
2 0.3388888888888889 0.6152777777777778 0.07777777777777772 0.18055555555555558
3 0.3680555555555556 0.3819444444444444 0.0805555555555556 0.14722222222222225
3 0.44583333333333336 0.41805555555555557 0.06388888888888888 0.13055555555555554
3 0.46805555555555556 0.6263888888888889 0.09166666666666662 0.16388888888888897
