0 0.2791666666666667 0.15833333333333333 0.07499999999999998 0.1388888888888889
0 0.4111111111111111 0.15833333333333333 0.0888888888888889 0.1388888888888889
0 0.7097222222222223 0.5541666666666667 0.09166666666666656 0.13611111111111107
1 0.5833333333333334 0.15694444444444444 0.07222222222222219 0.13055555555555554
1 0.7291666666666666 0.37083333333333335 0.06944444444444442 0.11944444444444446
1 0.30694444444444446 0.5388888888888889 0.07499999999999996 0.13888888888888884
2 0.7541666666666667 0.1736111111111111 0.06944444444444442 0.13055555555555554
2 0.2972222222222222 0.34305555555555556 0.07222222222222219 0.13055555555555554
2 0.4027777777777778 0.5319444444444444 0.07777777777777772 0.13611111111111107
3 0.42777777777777776 0.3388888888888889 0.07222222222222219 0.1333333333333333
3 0.5375 0.3527777777777778 0.06944444444444442 0.12222222222222223
3 0.5736111111111111 0.5319444444444444 0.09722222222222232 0.1472222222222222
