0 0.25416666666666665 0.15138888888888888 0.08611111111111114 0.15555555555555556
0 0.35694444444444445 0.19305555555555556 0.06944444444444442 0.1388888888888889
0 0.5486111111111112 0.6527777777777778 0.06944444444444442 0.14722222222222214
1 0.4652777777777778 0.23194444444444445 0.05277777777777781 0.13055555555555554
1 0.5513888888888889 0.45972222222222214 0.047222222222222276 0.11944444444444441
1 0.2388888888888889 0.6277777777777778 0.1111111111111111 0.2055555555555555
2 0.5569444444444445 0.28194444444444444 0.047222222222222276 0.11944444444444446
2 0.25 0.36666666666666664 0.08333333333333334 0.1611111111111111
2 0.33055555555555555 0.6236111111111111 0.08333333333333337 0.18055555555555558
3 0.35694444444444445 0.3861111111111111 0.06944444444444442 0.15000000000000002
3 0.43194444444444446 0.4222222222222222 0.06388888888888888 0.13888888888888895
3 0.4597222222222222 0.6291666666666667 0.08611111111111114 0.1694444444444445
