0 0.35694444444444445 0.09166666666666666 0.11944444444444446 0.13333333333333333
0 0.46944444444444444 0.15 0.09444444444444439 0.13333333333333336
0 0.5791666666666667 0.6319444444444444 0.11944444444444446 0.15277777777777768
1 0.6125 0.20972222222222223 0.10277777777777786 0.1305555555555556
1 0.6569444444444444 0.4555555555555555 0.09722222222222232 0.12222222222222218
1 0.20833333333333334 0.47638888888888886 0.14444444444444443 0.1694444444444445
2 0.7402777777777778 0.2847222222222222 0.09166666666666656 0.125
2 0.2902777777777778 0.27361111111111114 0.10833333333333331 0.14166666666666664
2 0.30833333333333335 0.5041666666666667 0.12222222222222223 0.16388888888888892
3 0.4097222222222222 0.31805555555555554 0.10833333333333339 0.14166666666666664
3 0.5 0.3736111111111111 0.10555555555555557 0.13055555555555554
3 0.4638888888888889 0.5652777777777778 0.1333333333333333 0.15833333333333327
