0 0.18055555555555555 0.08611111111111111 0.09444444444444444 0.15555555555555556
0 0.3055555555555556 0.11527777777777778 0.08333333333333337 0.13611111111111113
0 0.5583333333333333 0.5597222222222222 0.07222222222222219 0.1472222222222222
1 0.44027777777777777 0.14166666666666666 0.05833333333333335 0.12777777777777777
1 0.5555555555555556 0.36527777777777776 0.05555555555555558 0.11944444444444446
1 0.18888888888888888 0.5472222222222223 0.10555555555555557 0.18888888888888888
2 0.5569444444444445 0.18472222222222223 0.05833333333333335 0.11944444444444446
2 0.1875 0.29583333333333334 0.08055555555555555 0.1527777777777778
2 0.29305555555555557 0.5402777777777777 0.08611111111111114 0.1694444444444445
3 0.3125 0.3055555555555556 0.07499999999999996 0.1444444444444444
3 0.40555555555555556 0.3347222222222222 0.06666666666666665 0.13055555555555554
3 0.44583333333333336 0.5402777777777777 0.08611111111111114 0.15833333333333338
