0 0.19583333333333333 0.11805555555555555 0.09166666666666667 0.15555555555555556
0 0.3111111111111111 0.15 0.07777777777777772 0.13611111111111113
0 0.5361111111111111 0.5958333333333333 0.07222222222222219 0.14444444444444438
1 0.4361111111111111 0.18194444444444444 0.05555555555555558 0.1305555555555556
1 0.5361111111111111 0.4027777777777778 0.05555555555555558 0.1166666666666667
1 0.18888888888888888 0.5722222222222222 0.1111111111111111 0.19444444444444442
2 0.5416666666666666 0.225 0.05555555555555558 0.11666666666666664
2 0.19722222222222222 0.325 0.07777777777777778 0.15555555555555556
2 0.2875 0.5680555555555555 0.08055555555555557 0.17500000000000004
3 0.3138888888888889 0.3375 0.07222222222222219 0.1416666666666666
3 0.4 0.3680555555555556 0.061111111111111116 0.13055555555555554
3 0.43333333333333335 0.5722222222222222 0.08333333333333337 0.16111111111111115
