0 0.32222222222222224 0.11666666666666667 0.07222222222222219 0.12777777777777777
0 0.4486111111111111 0.11527777777777778 0.0805555555555556 0.1305555555555556
0 0.7833333333333333 0.5319444444444444 0.09444444444444433 0.16388888888888892
1 0.6083333333333333 0.10833333333333334 0.06666666666666665 0.12222222222222223
1 0.7736111111111111 0.3194444444444444 0.07499999999999996 0.12777777777777777
1 0.3347222222222222 0.5194444444444445 0.08611111111111114 0.17222222222222228
2 0.7694444444444445 0.12083333333333333 0.07222222222222219 0.11944444444444444
2 0.3333333333333333 0.2972222222222222 0.06666666666666665 0.12777777777777777
2 0.4388888888888889 0.5125 0.08333333333333337 0.15833333333333327
3 0.46111111111111114 0.2916666666666667 0.07222222222222219 0.1333333333333333
3 0.5736111111111111 0.3055555555555556 0.06944444444444442 0.12777777777777777
3 0.625 0.5111111111111111 0.09444444444444455 0.16666666666666669
