0 0.27361111111111114 0.16805555555555557 0.08055555555555557 0.14166666666666666
0 0.4111111111111111 0.16666666666666666 0.0888888888888889 0.14444444444444443
0 0.7277777777777777 0.5791666666666667 0.08333333333333326 0.14722222222222214
1 0.5833333333333334 0.1597222222222222 0.07222222222222219 0.13055555555555554
1 0.7402777777777778 0.38333333333333336 0.06388888888888888 0.12777777777777777
1 0.30277777777777776 0.5736111111111111 0.08333333333333337 0.15277777777777773
2 0.7583333333333333 0.175 0.06666666666666665 0.1333333333333333
2 0.2916666666666667 0.3611111111111111 0.07222222222222219 0.1333333333333333
2 0.4041666666666667 0.5638888888888889 0.0805555555555556 0.14999999999999997
3 0.425 0.3541666666666667 0.07222222222222219 0.13611111111111107
3 0.5430555555555555 0.36944444444444446 0.06388888888888888 0.12777777777777777
3 0.5791666666666667 0.5625 0.09166666666666656 0.15277777777777773
