0 0.31527777777777777 0.11944444444444445 0.07499999999999996 0.11666666666666667
0 0.43472222222222223 0.12222222222222222 0.07499999999999996 0.11666666666666667
0 0.7583333333333333 0.5138888888888888 0.09444444444444455 0.16111111111111115
1 0.5861111111111111 0.11805555555555555 0.061111111111111116 0.10833333333333334
1 0.7458333333333333 0.3125 0.07499999999999996 0.11944444444444446
1 0.31527777777777777 0.49166666666666664 0.09722222222222221 0.16666666666666663
2 0.7402777777777778 0.13333333333333333 0.06944444444444442 0.1111111111111111
2 0.3194444444444444 0.2861111111111111 0.06666666666666665 0.12222222222222223
2 0.42083333333333334 0.49027777777777776 0.0805555555555556 0.15833333333333333
3 0.4444444444444444 0.28055555555555556 0.06666666666666665 0.12777777777777777
3 0.5541666666666667 0.2972222222222222 0.06388888888888888 0.12222222222222223
3 0.6041666666666666 0.49166666666666664 0.09166666666666656 0.16666666666666663
