0 0.3458333333333333 0.08611111111111111 0.11944444444444446 0.1388888888888889
0 0.45694444444444443 0.14583333333333334 0.08611111111111114 0.1305555555555556
0 0.5361111111111111 0.6347222222222222 0.12777777777777777 0.15277777777777768
1 0.5875 0.21666666666666667 0.10277777777777786 0.12777777777777777
1 0.6180555555555556 0.46111111111111114 0.09722222222222232 0.12222222222222223
1 0.175 0.45694444444444443 0.14444444444444443 0.1694444444444444
2 0.7069444444444445 0.3 0.09722222222222232 0.12222222222222223
2 0.2708333333333333 0.25833333333333336 0.1138888888888889 0.13888888888888892
2 0.2708333333333333 0.49166666666666664 0.13055555555555554 0.1611111111111111
3 0.38472222222222224 0.30972222222222223 0.11944444444444446 0.13611111111111107
3 0.4722222222222222 0.36944444444444446 0.10555555555555557 0.12777777777777777
3 0.4222222222222222 0.5611111111111111 0.1333333333333333 0.1555555555555555
