0 0.3402777777777778 0.11944444444444445 0.0805555555555556 0.13333333333333333
0 0.46805555555555556 0.11805555555555555 0.08611111111111108 0.13611111111111113
0 0.8041666666666667 0.5444444444444444 0.08611111111111103 0.16111111111111115
1 0.6305555555555555 0.10972222222222222 0.06666666666666665 0.125
1 0.7986111111111112 0.32916666666666666 0.07499999999999996 0.13055555555555554
1 0.3541666666666667 0.5347222222222222 0.09166666666666667 0.17500000000000004
2 0.7986111111111112 0.12361111111111112 0.06944444444444442 0.125
2 0.35138888888888886 0.30972222222222223 0.06944444444444442 0.13611111111111107
2 0.4625 0.525 0.08611111111111108 0.16111111111111115
3 0.4819444444444445 0.30277777777777776 0.07500000000000001 0.13888888888888892
3 0.5944444444444444 0.31527777777777777 0.06666666666666665 0.125
3 0.6472222222222223 0.525 0.09444444444444433 0.16666666666666669
