0 0.37916666666666665 0.1 0.13055555555555554 0.12222222222222223
0 0.4652777777777778 0.19166666666666668 0.11388888888888893 0.13333333333333336
0 0.4 0.6805555555555556 0.15000000000000002 0.13888888888888884
1 0.5694444444444444 0.29583333333333334 0.1166666666666667 0.11944444444444446
1 0.5305555555555556 0.5416666666666666 0.1166666666666667 0.12222222222222223
1 0.10138888888888889 0.3972222222222222 0.175 0.1611111111111111
2 0.6583333333333333 0.4097222222222222 0.10555555555555562 0.11944444444444446
2 0.25833333333333336 0.2375 0.1333333333333333 0.13611111111111107
2 0.1875 0.4625 0.15833333333333333 0.1694444444444445
3 0.3527777777777778 0.3236111111111111 0.1333333333333333 0.13055555555555554
3 0.4166666666666667 0.4083333333333333 0.12222222222222223 0.12777777777777777
3 0.3125 0.5805555555555556 0.15833333333333333 0.15555555555555567
