0 0.3111111111111111 0.09722222222222224 0.07777777777777772 0.1388888888888889
0 0.44305555555555554 0.09305555555555556 0.08611111111111114 0.14166666666666666
0 0.7791666666666667 0.5236111111111111 0.09166666666666656 0.15833333333333338
1 0.6111111111111112 0.08472222222222223 0.06666666666666665 0.1305555555555556
1 0.7791666666666667 0.30833333333333335 0.06944444444444442 0.12777777777777777
1 0.33611111111111114 0.5180555555555556 0.08333333333333337 0.16388888888888892
2 0.7833333333333333 0.09722222222222222 0.07222222222222219 0.13333333333333333
2 0.325 0.29305555555555557 0.07222222222222219 0.13611111111111107
2 0.44166666666666665 0.5097222222222222 0.0888888888888889 0.16388888888888892
3 0.4597222222222222 0.2833333333333333 0.07499999999999996 0.13888888888888887
3 0.5736111111111111 0.2972222222222222 0.06944444444444442 0.1333333333333333
3 0.6263888888888889 0.5069444444444444 0.09722222222222232 0.16388888888888892
