0 0.30277777777777776 0.07916666666666666 0.07222222222222219 0.14166666666666666
0 0.4375 0.0763888888888889 0.09166666666666667 0.14166666666666666
0 0.7708333333333334 0.5069444444444444 0.09166666666666656 0.15277777777777773
1 0.6083333333333333 0.06805555555555555 0.06666666666666665 0.13055555555555556
1 0.7722222222222223 0.2972222222222222 0.06666666666666665 0.12777777777777777
1 0.33194444444444443 0.5013888888888889 0.0805555555555556 0.15833333333333327
2 0.7819444444444444 0.08194444444444444 0.06944444444444442 0.13055555555555556
2 0.32083333333333336 0.2791666666666667 0.07499999999999996 0.13611111111111107
2 0.4375 0.4930555555555556 0.08611111111111114 0.15833333333333327
3 0.45555555555555555 0.26944444444444443 0.07777777777777783 0.13888888888888892
3 0.5708333333333333 0.2847222222222222 0.06944444444444442 0.13611111111111107
3 0.6194444444444445 0.4888888888888889 0.10000000000000009 0.1611111111111111
