0 0.3138888888888889 0.09861111111111111 0.07222222222222219 0.1361111111111111
0 0.4527777777777778 0.09722222222222222 0.08333333333333337 0.13333333333333333
0 0.7861111111111111 0.525 0.08333333333333326 0.1555555555555556
1 0.6166666666666667 0.09027777777777778 0.06666666666666665 0.13055555555555556
1 0.7833333333333333 0.3111111111111111 0.07222222222222219 0.12777777777777777
1 0.3416666666666667 0.5194444444444445 0.07777777777777772 0.16111111111111115
2 0.7888888888888889 0.10277777777777777 0.07222222222222219 0.13333333333333336
2 0.3347222222222222 0.29444444444444445 0.07499999999999996 0.1333333333333333
2 0.44722222222222224 0.5097222222222222 0.0888888888888889 0.15833333333333327
3 0.4652777777777778 0.2847222222222222 0.07499999999999996 0.13611111111111107
3 0.5833333333333334 0.3013888888888889 0.07222222222222219 0.13611111111111107
3 0.6319444444444444 0.5083333333333333 0.09722222222222232 0.16111111111111115
