0 0.2569444444444444 0.15694444444444444 0.09166666666666667 0.1611111111111111
0 0.3611111111111111 0.1986111111111111 0.06666666666666665 0.1388888888888889
0 0.5458333333333333 0.6638888888888889 0.06944444444444442 0.14722222222222214
1 0.46805555555555556 0.23888888888888893 0.05277777777777781 0.1277777777777778
1 0.5513888888888889 0.4666666666666667 0.047222222222222276 0.1166666666666667
1 0.23333333333333334 0.6305555555555555 0.1166666666666667 0.2055555555555555
2 0.5597222222222222 0.2902777777777778 0.047222222222222276 0.11944444444444446
2 0.25 0.37083333333333335 0.0888888888888889 0.16388888888888886
2 0.32916666666666666 0.6277777777777778 0.0805555555555556 0.1777777777777778
3 0.3541666666666667 0.3875 0.07499999999999996 0.14722222222222225
3 0.43194444444444446 0.4236111111111111 0.06388888888888888 0.13611111111111107
3 0.45555555555555555 0.6361111111111111 0.0888888888888889 0.16666666666666674
