0 0.3388888888888889 0.15 0.08333333333333337 0.12777777777777777
0 0.45555555555555555 0.16944444444444445 0.06666666666666665 0.11666666666666668
0 0.7041666666666667 0.6097222222222223 0.09166666666666656 0.15833333333333321
1 0.6027777777777777 0.19166666666666665 0.07222222222222219 0.1222222222222222
1 0.7236111111111111 0.4111111111111111 0.06944444444444442 0.12222222222222223
1 0.28888888888888886 0.5319444444444444 0.11111111111111113 0.1694444444444445
2 0.7472222222222222 0.23194444444444445 0.061111111111111116 0.11944444444444446
2 0.3194444444444444 0.32083333333333336 0.08333333333333337 0.13055555555555554
2 0.39166666666666666 0.5416666666666666 0.0888888888888889 0.16111111111111115
3 0.44166666666666665 0.33611111111111114 0.08333333333333337 0.12777777777777777
3 0.5472222222222223 0.36666666666666664 0.07777777777777772 0.12777777777777777
3 0.5666666666666667 0.5666666666666667 0.11111111111111116 0.16666666666666669
