0 0.28888888888888886 0.18888888888888888 0.06666666666666665 0.10555555555555557
0 0.4041666666666667 0.18611111111111112 0.0805555555555556 0.10555555555555557
0 0.7375 0.5333333333333333 0.09722222222222232 0.1555555555555556
1 0.5472222222222223 0.1763888888888889 0.061111111111111116 0.10000000000000003
1 0.7111111111111111 0.3458333333333333 0.07777777777777772 0.11111111111111116
1 0.3 0.5333333333333333 0.0888888888888889 0.16388888888888892
2 0.6944444444444444 0.18472222222222223 0.07222222222222219 0.10277777777777775
2 0.2986111111111111 0.3402777777777778 0.06388888888888888 0.11944444444444446
2 0.40555555555555556 0.525 0.08333333333333337 0.1555555555555556
3 0.41805555555555557 0.32916666666666666 0.06388888888888888 0.11388888888888893
3 0.525 0.3416666666666667 0.06666666666666665 0.11111111111111116
3 0.5847222222222223 0.5208333333333334 0.08055555555555549 0.15833333333333338
