0 0.3819444444444444 0.11805555555555555 0.0805555555555556 0.13333333333333336
0 0.4930555555555556 0.14305555555555555 0.06944444444444442 0.12222222222222223
0 0.7222222222222222 0.5638888888888889 0.07777777777777772 0.1416666666666666
1 0.6180555555555556 0.17083333333333334 0.05833333333333335 0.11944444444444446
1 0.7277777777777777 0.37916666666666665 0.05555555555555558 0.11388888888888893
1 0.36527777777777776 0.5111111111111111 0.10277777777777775 0.17222222222222228
2 0.7375 0.20972222222222223 0.05277777777777781 0.10833333333333334
2 0.37916666666666665 0.29444444444444445 0.07499999999999996 0.1333333333333333
2 0.4583333333333333 0.5180555555555556 0.0888888888888889 0.15833333333333338
3 0.4916666666666667 0.30972222222222223 0.07222222222222224 0.13055555555555554
3 0.5791666666666667 0.3416666666666667 0.06388888888888888 0.12222222222222223
3 0.6055555555555555 0.5347222222222222 0.0888888888888888 0.15277777777777785
