0 0.26944444444444443 0.13472222222222222 0.0777777777777778 0.14166666666666666
0 0.40555555555555556 0.1375 0.0888888888888889 0.13611111111111107
0 0.7083333333333334 0.5388888888888889 0.0888888888888888 0.13888888888888884
1 0.5777777777777777 0.13472222222222222 0.07222222222222219 0.13611111111111113
1 0.725 0.35 0.07222222222222219 0.12222222222222223
1 0.3 0.5222222222222223 0.07777777777777783 0.14444444444444438
2 0.7513888888888889 0.1527777777777778 0.07499999999999996 0.1333333333333333
2 0.2902777777777778 0.325 0.07499999999999996 0.12777777777777777
2 0.3958333333333333 0.5138888888888888 0.0805555555555556 0.13888888888888884
3 0.41944444444444445 0.3194444444444444 0.07222222222222219 0.1333333333333333
3 0.5305555555555556 0.3347222222222222 0.06666666666666665 0.125
3 0.5680555555555555 0.5194444444444445 0.09722222222222232 0.14999999999999997
