0 0.23194444444444445 0.22916666666666666 0.09722222222222221 0.14166666666666666
0 0.3611111111111111 0.25277777777777777 0.07222222222222219 0.1333333333333333
0 0.6013888888888889 0.6916666666666667 0.10277777777777786 0.1166666666666667
1 0.525 0.2777777777777778 0.08333333333333331 0.1333333333333333
1 0.6388888888888888 0.5111111111111111 0.07777777777777772 0.12777777777777777
1 0.18194444444444444 0.6402777777777777 0.11388888888888887 0.16388888888888897
2 0.6819444444444445 0.3194444444444444 0.07499999999999996 0.12777777777777777
2 0.21111111111111108 0.4263888888888889 0.08888888888888888 0.14166666666666672
2 0.2847222222222222 0.6458333333333334 0.09722222222222221 0.15833333333333344
3 0.34444444444444444 0.4375 0.08333333333333337 0.1416666666666666
3 0.4513888888888889 0.46944444444444444 0.08611111111111114 0.1333333333333333
3 0.46111111111111114 0.6680555555555555 0.1166666666666667 0.15833333333333344
