0 0.2569444444444444 0.13194444444444445 0.08055555555555557 0.1472222222222222
0 0.3902777777777778 0.13194444444444445 0.09166666666666667 0.14166666666666666
0 0.7 0.5375 0.08333333333333326 0.1416666666666666
1 0.5652777777777778 0.12916666666666668 0.07499999999999996 0.13611111111111113
1 0.7166666666666667 0.3486111111111111 0.06666666666666665 0.125
1 0.2875 0.525 0.08055555555555557 0.14444444444444438
2 0.7402777777777778 0.14583333333333334 0.06944444444444442 0.13611111111111113
2 0.2722222222222222 0.32222222222222224 0.0777777777777778 0.12777777777777777
2 0.38472222222222224 0.5166666666666667 0.0805555555555556 0.14444444444444438
3 0.5222222222222223 0.3347222222222222 0.06666666666666665 0.125
3 0.40555555555555556 0.3194444444444444 0.07222222222222219 0.1333333333333333
3 0.5583333333333333 0.5208333333333334 0.09444444444444455 0.1472222222222222
