0 0.28194444444444444 0.14583333333333334 0.07499999999999998 0.125
0 0.4013888888888889 0.15555555555555556 0.07499999999999996 0.11666666666666668
0 0.6944444444444444 0.5694444444444444 0.07777777777777772 0.1555555555555555
1 0.55 0.16666666666666666 0.061111111111111116 0.11666666666666665
1 0.6916666666666667 0.37083333333333335 0.06666666666666665 0.11388888888888893
1 0.2652777777777778 0.5333333333333333 0.10277777777777775 0.16666666666666669
2 0.6972222222222222 0.19027777777777777 0.061111111111111116 0.11388888888888887
2 0.2791666666666667 0.32222222222222224 0.07499999999999998 0.12777777777777777
2 0.37083333333333335 0.5333333333333333 0.0805555555555556 0.1555555555555556
3 0.4041666666666667 0.3236111111111111 0.06944444444444442 0.125
3 0.5083333333333333 0.3486111111111111 0.06666666666666665 0.11944444444444446
3 0.5472222222222223 0.5430555555555555 0.09444444444444455 0.16388888888888892
