0 0.3819444444444444 0.12916666666666668 0.09166666666666667 0.14444444444444443
0 0.4916666666666667 0.16111111111111112 0.06666666666666671 0.125
0 0.7013888888888888 0.6013888888888889 0.07499999999999996 0.14444444444444438
1 0.6125 0.1958333333333333 0.05833333333333335 0.12499999999999997
1 0.7083333333333334 0.41388888888888886 0.050000000000000044 0.1166666666666667
1 0.3541666666666667 0.5472222222222223 0.11388888888888893 0.18333333333333335
2 0.7194444444444444 0.24444444444444444 0.050000000000000044 0.1111111111111111
2 0.37222222222222223 0.31527777777777777 0.08333333333333337 0.14722222222222225
2 0.4513888888888889 0.55 0.08611111111111114 0.17222222222222228
3 0.4861111111111111 0.3375 0.07777777777777783 0.13611111111111107
3 0.5708333333333333 0.37083333333333335 0.06944444444444442 0.125
3 0.5930555555555556 0.5680555555555555 0.09166666666666656 0.15833333333333327
