0 0.5041666666666667 0.07500000000000001 0.11944444444444446 0.12777777777777777
0 0.6041666666666666 0.14027777777777778 0.09722222222222232 0.13055555555555554
0 0.6486111111111111 0.6444444444444445 0.1416666666666666 0.16666666666666674
1 0.7305555555555555 0.2222222222222222 0.10555555555555562 0.12777777777777777
1 0.7458333333333333 0.4736111111111111 0.10277777777777786 0.125
1 0.3013888888888889 0.4097222222222222 0.1527777777777778 0.1694444444444445
2 0.4166666666666667 0.22777777777777777 0.12222222222222223 0.1388888888888889
2 0.3958333333333333 0.46111111111111114 0.14166666666666672 0.16666666666666669
2 0.8430555555555556 0.31805555555555554 0.10277777777777786 0.125
3 0.525 0.29305555555555557 0.1166666666666667 0.13611111111111107
3 0.6027777777777777 0.3625 0.11111111111111116 0.13055555555555554
3 0.5402777777777777 0.55 0.1472222222222222 0.16111111111111115
