0 0.23472222222222222 0.22083333333333333 0.09166666666666667 0.14166666666666664
0 0.36666666666666664 0.23472222222222222 0.07777777777777783 0.13611111111111107
0 0.6388888888888888 0.6763888888888889 0.0888888888888888 0.14722222222222214
1 0.5319444444444444 0.24722222222222223 0.07499999999999996 0.1333333333333333
1 0.6625 0.47777777777777775 0.06944444444444442 0.12222222222222218
1 0.2111111111111111 0.6375 0.10555555555555557 0.1694444444444445
2 0.6930555555555555 0.2791666666666667 0.06944444444444442 0.13055555555555554
2 0.22916666666666666 0.4152777777777778 0.08055555555555555 0.13611111111111107
2 0.31805555555555554 0.6347222222222222 0.09166666666666667 0.15833333333333321
3 0.3625 0.42083333333333334 0.08611111111111114 0.13611111111111107
3 0.4736111111111111 0.4472222222222222 0.08055555555555555 0.1277777777777777
3 0.49583333333333335 0.6486111111111111 0.1027777777777778 0.16388888888888897
