0 0.39305555555555555 0.10555555555555556 0.13055555555555554 0.1222222222222222
0 0.475 0.1986111111111111 0.11111111111111116 0.1305555555555556
0 0.39861111111111114 0.6819444444444445 0.1527777777777778 0.13055555555555554
1 0.5777777777777777 0.30694444444444446 0.1166666666666667 0.11944444444444446
1 0.5333333333333333 0.5513888888888889 0.1166666666666667 0.11944444444444446
1 0.10833333333333334 0.39861111111111114 0.1777777777777778 0.16388888888888886
2 0.2652777777777778 0.24166666666666667 0.13611111111111107 0.13333333333333336
2 0.6611111111111111 0.42083333333333334 0.11111111111111116 0.11944444444444446
2 0.18888888888888888 0.4625 0.16666666666666663 0.16388888888888892
3 0.3597222222222222 0.3263888888888889 0.13611111111111107 0.13055555555555554
3 0.42083333333333334 0.4152777777777778 0.11944444444444446 0.125
3 0.3125 0.5833333333333334 0.15833333333333333 0.15555555555555567
