0 0.2013888888888889 0.10555555555555556 0.08611111111111114 0.15
0 0.3277777777777778 0.12638888888888888 0.08333333333333337 0.13055555555555554
0 0.6027777777777777 0.5625 0.07222222222222219 0.1472222222222222
1 0.4722222222222222 0.14583333333333334 0.061111111111111116 0.125
1 0.6 0.36527777777777776 0.061111111111111116 0.11944444444444446
1 0.20555555555555555 0.5486111111111112 0.09999999999999998 0.18611111111111112
2 0.6 0.18194444444444444 0.061111111111111116 0.11944444444444446
2 0.20833333333333334 0.30694444444444446 0.07777777777777778 0.1527777777777778
2 0.3138888888888889 0.5416666666666666 0.08333333333333337 0.16666666666666669
3 0.33611111111111114 0.3125 0.07222222222222219 0.13611111111111107
3 0.4361111111111111 0.3388888888888889 0.06666666666666665 0.12777777777777777
3 0.48055555555555557 0.5416666666666666 0.0888888888888889 0.16111111111111115
