0 0.2791666666666667 0.17222222222222222 0.07499999999999998 0.1388888888888889
0 0.4125 0.1736111111111111 0.08611111111111114 0.14166666666666666
0 0.7083333333333334 0.5666666666666667 0.0888888888888888 0.1333333333333333
1 0.5833333333333334 0.17222222222222222 0.07222222222222219 0.1333333333333333
1 0.7277777777777777 0.38472222222222224 0.07222222222222219 0.11944444444444446
1 0.3055555555555556 0.5513888888888889 0.07777777777777772 0.1416666666666666
2 0.7555555555555555 0.19027777777777777 0.07222222222222219 0.13055555555555554
2 0.2972222222222222 0.35694444444444445 0.07222222222222219 0.13055555555555554
2 0.4 0.5444444444444444 0.07777777777777772 0.13888888888888884
3 0.425 0.3541666666666667 0.06666666666666665 0.125
3 0.5347222222222222 0.36944444444444446 0.06388888888888888 0.12222222222222223
3 0.5694444444444444 0.5472222222222223 0.09444444444444455 0.13888888888888884
