0 0.2972222222222222 0.15 0.07777777777777783 0.1388888888888889
0 0.43194444444444446 0.15 0.08611111111111114 0.1388888888888889
0 0.7486111111111111 0.5680555555555555 0.08611111111111103 0.1472222222222222
1 0.6055555555555555 0.14444444444444443 0.06666666666666665 0.1333333333333333
1 0.7597222222222222 0.3680555555555556 0.06944444444444442 0.125
1 0.325 0.5625 0.08333333333333337 0.15277777777777773
2 0.7777777777777778 0.15833333333333333 0.06666666666666665 0.1333333333333333
2 0.3125 0.3472222222222222 0.07499999999999996 0.1333333333333333
2 0.4236111111111111 0.5513888888888889 0.0805555555555556 0.15277777777777773
3 0.44722222222222224 0.3416666666666667 0.07777777777777783 0.13888888888888884
3 0.5597222222222222 0.3541666666666667 0.06944444444444442 0.13055555555555554
3 0.6027777777777777 0.5472222222222223 0.10000000000000009 0.1555555555555555
