0 0.3416666666666667 0.09722222222222222 0.12777777777777777 0.13333333333333333
0 0.3458333333333333 0.1111111111111111 0.002777777777777768 0.0
0 0.44583333333333336 0.17222222222222222 0.09722222222222221 0.1333333333333333
0 0.47777777777777786 0.6680555555555555 0.13333333333333336 0.1527777777777779
1 0.5680555555555555 0.25555555555555554 0.10833333333333339 0.12777777777777777
1 0.5777777777777777 0.5027777777777778 0.10000000000000009 0.12222222222222223
1 0.12916666666666668 0.45416666666666666 0.15833333333333333 0.1694444444444444
2 0.6819444444444445 0.35 0.09722222222222232 0.12222222222222223
2 0.25 0.2652777777777778 0.12777777777777777 0.1416666666666667
2 0.225 0.49722222222222223 0.14444444444444443 0.16666666666666669
3 0.35694444444444445 0.32916666666666666 0.125 0.13611111111111107
3 0.4375 0.39861111111111114 0.11388888888888893 0.13055555555555554
3 0.3736111111111111 0.5833333333333334 0.14722222222222225 0.15555555555555567
