0 0.25277777777777777 0.1625 0.07222222222222219 0.11666666666666665
0 0.3736111111111111 0.15833333333333333 0.0805555555555556 0.11944444444444446
0 0.6972222222222222 0.5361111111111111 0.0888888888888888 0.15277777777777785
1 0.5208333333333334 0.15 0.06388888888888888 0.1111111111111111
1 0.6805555555555556 0.3416666666666667 0.07222222222222219 0.1166666666666667
1 0.275 0.5430555555555555 0.08333333333333334 0.16388888888888892
2 0.6722222222222223 0.16111111111111112 0.07222222222222219 0.1111111111111111
2 0.26666666666666666 0.3333333333333333 0.07222222222222219 0.12777777777777777
2 0.37916666666666665 0.5319444444444444 0.08611111111111114 0.15833333333333338
3 0.39166666666666666 0.32222222222222224 0.06666666666666665 0.12222222222222223
3 0.49722222222222223 0.3333333333333333 0.06666666666666665 0.1166666666666667
3 0.55 0.5236111111111111 0.07777777777777772 0.15277777777777785
