0 0.30972222222222223 0.1375 0.08611111111111114 0.15000000000000002
0 0.4152777777777778 0.1736111111111111 0.06944444444444442 0.1333333333333333
0 0.6069444444444444 0.6333333333333333 0.07499999999999996 0.14722222222222214
1 0.5277777777777778 0.2152777777777778 0.061111111111111116 0.125
1 0.6152777777777778 0.44166666666666665 0.05277777777777781 0.1166666666666667
1 0.2777777777777778 0.5833333333333334 0.1166666666666667 0.19444444444444442
2 0.6277777777777778 0.26666666666666666 0.050000000000000044 0.1166666666666667
2 0.2972222222222222 0.3388888888888889 0.0888888888888889 0.15555555555555556
2 0.375 0.5875 0.08333333333333337 0.17500000000000004
3 0.40694444444444444 0.35833333333333334 0.07499999999999996 0.1444444444444445
3 0.4902777777777777 0.39861111111111114 0.06388888888888883 0.13055555555555554
3 0.5097222222222222 0.6013888888888889 0.09166666666666662 0.16388888888888897
