0 0.40555555555555556 0.11944444444444445 0.12777777777777777 0.11666666666666667
0 0.48749999999999993 0.20972222222222225 0.11388888888888887 0.12500000000000003
0 0.4166666666666667 0.6888888888888889 0.15000000000000002 0.12222222222222223
1 0.5472222222222223 0.5583333333333333 0.1166666666666667 0.12222222222222223
1 0.5902777777777778 0.31527777777777777 0.11388888888888893 0.11944444444444446
1 0.1222222222222222 0.4083333333333333 0.17222222222222222 0.1611111111111111
2 0.28055555555555556 0.25277777777777777 0.13888888888888887 0.1333333333333333
2 0.6763888888888889 0.43333333333333335 0.11388888888888893 0.12222222222222223
2 0.20416666666666666 0.475 0.16388888888888886 0.16111111111111115
3 0.37222222222222223 0.3388888888888889 0.1333333333333333 0.1333333333333333
3 0.4361111111111111 0.425 0.1166666666666667 0.12222222222222223
3 0.32916666666666666 0.5944444444444444 0.16388888888888886 0.1499999999999999
