0 0.2875 0.18194444444444444 0.06944444444444442 0.10833333333333334
0 0.4041666666666667 0.17777777777777778 0.07499999999999996 0.10555555555555557
0 0.7361111111111112 0.5361111111111111 0.09444444444444455 0.16111111111111115
1 0.5472222222222223 0.17083333333333334 0.061111111111111116 0.09999999999999999
1 0.7097222222222223 0.3458333333333333 0.07499999999999996 0.11111111111111116
1 0.29444444444444445 0.5319444444444444 0.08333333333333337 0.16111111111111115
2 0.6944444444444444 0.17916666666666667 0.07222222222222219 0.1027777777777778
2 0.29444444444444445 0.3333333333333333 0.06666666666666665 0.1166666666666667
2 0.4013888888888889 0.5236111111111111 0.08611111111111114 0.15833333333333338
3 0.41805555555555557 0.3236111111111111 0.06388888888888888 0.11388888888888893
3 0.5236111111111111 0.3388888888888889 0.06388888888888888 0.11111111111111116
3 0.5805555555555556 0.5208333333333334 0.08333333333333326 0.15833333333333338
