0 0.35555555555555557 0.07777777777777778 0.12222222222222223 0.1388888888888889
0 0.4708333333333333 0.13333333333333333 0.09166666666666662 0.13333333333333336
0 0.575 0.6180555555555556 0.12777777777777777 0.15833333333333321
1 0.6097222222222223 0.19583333333333333 0.10277777777777786 0.1305555555555556
1 0.6541666666666667 0.44305555555555554 0.09722222222222232 0.125
1 0.20555555555555555 0.4583333333333333 0.13888888888888892 0.16666666666666663
2 0.7361111111111112 0.27361111111111114 0.09444444444444455 0.125
2 0.28888888888888886 0.2569444444444444 0.11111111111111113 0.14166666666666664
2 0.30416666666666664 0.4875 0.125 0.16388888888888886
3 0.4083333333333333 0.30277777777777776 0.11111111111111116 0.13888888888888892
3 0.49583333333333335 0.3597222222222222 0.09722222222222227 0.125
3 0.4555555555555556 0.5513888888888889 0.13333333333333336 0.15833333333333327
