0 0.28888888888888886 0.15833333333333333 0.07222222222222219 0.1111111111111111
0 0.4083333333333333 0.15833333333333333 0.07777777777777772 0.1111111111111111
0 0.7347222222222223 0.5208333333333334 0.09722222222222232 0.15833333333333338
1 0.5541666666666667 0.1527777777777778 0.06388888888888888 0.10555555555555557
1 0.7152777777777778 0.32916666666666666 0.07499999999999996 0.11388888888888893
1 0.29305555555555557 0.5125 0.09166666666666667 0.16388888888888892
2 0.7013888888888888 0.1625 0.06944444444444442 0.10833333333333334
2 0.2972222222222222 0.3138888888888889 0.06666666666666665 0.1166666666666667
2 0.4013888888888889 0.5069444444444444 0.08611111111111114 0.15277777777777773
3 0.42083333333333334 0.30694444444444446 0.06388888888888888 0.11944444444444446
3 0.5263888888888889 0.32083333333333336 0.06388888888888888 0.11388888888888893
3 0.5805555555555556 0.5055555555555555 0.08333333333333326 0.16111111111111115
