0 0.4263888888888889 0.12916666666666668 0.09722222222222221 0.125
0 0.5388888888888889 0.16805555555555557 0.07222222222222219 0.11944444444444446
0 0.7208333333333333 0.6347222222222222 0.10833333333333339 0.16388888888888897
1 0.6805555555555556 0.21111111111111114 0.08333333333333326 0.1277777777777778
1 0.7680555555555556 0.44305555555555554 0.08055555555555549 0.125
1 0.3263888888888889 0.5013888888888889 0.125 0.17500000000000004
2 0.3861111111111111 0.3 0.09444444444444444 0.1333333333333333
2 0.8166666666666667 0.26805555555555555 0.07222222222222219 0.11944444444444446
2 0.4263888888888889 0.525 0.10833333333333328 0.16111111111111115
3 0.5055555555555555 0.33055555555555555 0.0944444444444445 0.1333333333333333
3 0.6 0.3763888888888889 0.0888888888888888 0.13055555555555554
3 0.5916666666666667 0.5736111111111111 0.11111111111111116 0.16388888888888892
