0 0.24166666666666667 0.12361111111111112 0.07222222222222224 0.125
0 0.36666666666666664 0.12916666666666668 0.07777777777777783 0.11944444444444446
0 0.6722222222222223 0.5319444444444444 0.08333333333333326 0.1472222222222222
1 0.5152777777777777 0.13472222222222222 0.06388888888888888 0.11388888888888887
1 0.6652777777777777 0.3347222222222222 0.06944444444444442 0.11388888888888893
1 0.24861111111111112 0.5138888888888888 0.09166666666666667 0.16666666666666669
2 0.6638888888888889 0.15694444444444444 0.06666666666666665 0.10833333333333334
2 0.24861111111111112 0.2986111111111111 0.06944444444444442 0.125
2 0.3541666666666667 0.5097222222222222 0.0805555555555556 0.15277777777777773
3 0.37777777777777777 0.2986111111111111 0.06666666666666665 0.125
3 0.4833333333333334 0.31805555555555554 0.06666666666666671 0.11944444444444446
3 0.5291666666666667 0.5111111111111111 0.09166666666666662 0.1555555555555555
