0 0.16527777777777777 0.0888888888888889 0.09166666666666667 0.15555555555555556
0 0.29305555555555557 0.11527777777777778 0.08611111111111114 0.13611111111111113
0 0.5597222222222222 0.5583333333333333 0.07499999999999996 0.14999999999999997
1 0.43333333333333335 0.14027777777777778 0.061111111111111116 0.13055555555555554
1 0.5541666666666667 0.3611111111111111 0.05833333333333335 0.1166666666666667
1 0.17777777777777778 0.5513888888888889 0.10555555555555557 0.19166666666666665
2 0.5569444444444445 0.17916666666666667 0.05833333333333335 0.11944444444444446
2 0.175 0.3013888888888889 0.08333333333333331 0.1527777777777778
2 0.2833333333333333 0.5416666666666666 0.0888888888888889 0.17222222222222228
3 0.30416666666666664 0.30833333333333335 0.07499999999999996 0.1444444444444444
3 0.4013888888888889 0.3333333333333333 0.06388888888888888 0.1333333333333333
3 0.44305555555555554 0.5388888888888889 0.09166666666666667 0.16111111111111115
