0 0.3263888888888889 0.14722222222222223 0.11388888888888893 0.14444444444444443
0 0.44583333333333336 0.19444444444444445 0.08611111111111114 0.13333333333333336
0 0.575 0.6736111111111112 0.12222222222222223 0.14722222222222214
1 0.5930555555555556 0.25 0.10277777777777786 0.1333333333333333
1 0.6486111111111111 0.49583333333333335 0.09722222222222232 0.13055555555555554
1 0.19305555555555556 0.5347222222222222 0.13611111111111113 0.1694444444444445
2 0.26805555555555555 0.3277777777777778 0.10833333333333331 0.13888888888888895
2 0.7277777777777777 0.32083333333333336 0.0888888888888888 0.125
2 0.29305555555555557 0.5597222222222222 0.11944444444444446 0.16388888888888892
3 0.3902777777777778 0.37083333333333335 0.10833333333333328 0.1416666666666666
3 0.4847222222222222 0.41944444444444445 0.09722222222222221 0.12777777777777777
3 0.45277777777777783 0.6138888888888889 0.13333333333333336 0.1611111111111112
