0 0.2263888888888889 0.1486111111111111 0.08611111111111108 0.15555555555555556
0 0.33194444444444443 0.18888888888888888 0.07499999999999996 0.13611111111111107
0 0.5361111111111111 0.6458333333333334 0.06666666666666665 0.14444444444444438
1 0.44583333333333336 0.2263888888888889 0.05277777777777781 0.1305555555555556
1 0.5347222222222222 0.4527777777777777 0.047222222222222276 0.11666666666666664
1 0.2152777777777778 0.6236111111111111 0.10833333333333336 0.20277777777777772
2 0.5416666666666666 0.275 0.050000000000000044 0.1166666666666667
2 0.2263888888888889 0.3638888888888889 0.08055555555555555 0.1611111111111111
2 0.30972222222222223 0.6208333333333333 0.0805555555555556 0.18055555555555558
3 0.3347222222222222 0.38055555555555554 0.07499999999999996 0.14444444444444438
3 0.4125 0.4152777777777778 0.05833333333333335 0.13611111111111107
3 0.44027777777777777 0.6208333333333333 0.0805555555555556 0.16388888888888897
