0 0.3472222222222222 0.09027777777777778 0.1166666666666667 0.1361111111111111
0 0.4513888888888889 0.15694444444444444 0.09166666666666667 0.13055555555555554
0 0.5083333333333333 0.6472222222222223 0.1333333333333333 0.15555555555555567
1 0.5805555555555556 0.23333333333333334 0.10555555555555562 0.12777777777777777
1 0.6 0.47916666666666674 0.10000000000000009 0.12500000000000006
1 0.15416666666666667 0.4513888888888889 0.1527777777777778 0.1694444444444444
2 0.6944444444444444 0.3194444444444444 0.10000000000000009 0.12222222222222223
2 0.2611111111111111 0.25833333333333336 0.1166666666666667 0.13888888888888892
2 0.2513888888888889 0.49166666666666664 0.13611111111111107 0.16666666666666663
3 0.3736111111111111 0.31666666666666665 0.11944444444444446 0.13888888888888887
3 0.45555555555555555 0.38055555555555554 0.10555555555555551 0.12777777777777777
3 0.4 0.5694444444444444 0.13888888888888884 0.16111111111111115
