0 0.24722222222222223 0.2125 0.10555555555555554 0.14166666666666666
0 0.3763888888888889 0.24444444444444446 0.06944444444444442 0.1277777777777778
0 0.5805555555555556 0.6916666666666667 0.10555555555555562 0.1166666666666667
1 0.5347222222222222 0.28055555555555556 0.09166666666666662 0.1333333333333333
1 0.6291666666666667 0.5194444444444445 0.08611111111111103 0.12777777777777777
1 0.16666666666666666 0.6194444444444445 0.12222222222222223 0.16666666666666674
2 0.6847222222222222 0.3333333333333333 0.08611111111111103 0.12777777777777777
2 0.2152777777777778 0.40555555555555556 0.09722222222222221 0.14444444444444438
2 0.2722222222222222 0.6319444444444444 0.10555555555555554 0.16388888888888897
3 0.34305555555555556 0.42777777777777776 0.09722222222222221 0.13888888888888895
3 0.4486111111111111 0.4652777777777778 0.09166666666666667 0.13055555555555554
3 0.4458333333333333 0.6652777777777777 0.11944444444444441 0.15833333333333344
