0 0.3277777777777778 0.0763888888888889 0.07222222222222219 0.125
0 0.4513888888888889 0.0763888888888889 0.0805555555555556 0.125
0 0.775 0.4888888888888889 0.0888888888888888 0.1611111111111111
1 0.6069444444444444 0.07361111111111111 0.06388888888888888 0.11944444444444444
1 0.7694444444444445 0.28194444444444444 0.07222222222222219 0.125
1 0.3263888888888889 0.4666666666666667 0.09166666666666667 0.16666666666666669
2 0.7666666666666667 0.09166666666666666 0.07222222222222219 0.11666666666666667
2 0.33194444444444443 0.25277777777777777 0.06944444444444442 0.12777777777777777
2 0.4361111111111111 0.4625 0.08333333333333337 0.15833333333333338
3 0.46111111111111114 0.25 0.06666666666666665 0.12777777777777777
3 0.5708333333333333 0.26666666666666666 0.06388888888888888 0.12777777777777777
3 0.6194444444444445 0.46944444444444444 0.09444444444444455 0.16666666666666669
