0 0.30416666666666664 0.059722222222222225 0.0805555555555556 0.11944444444444445
0 0.44166666666666665 0.059722222222222225 0.0888888888888889 0.11944444444444445
0 0.7680555555555556 0.4847222222222222 0.09166666666666656 0.1527777777777778
1 0.6152777777777778 0.05555555555555555 0.06944444444444442 0.1111111111111111
1 0.775 0.275 0.06666666666666665 0.12777777777777777
1 0.3263888888888889 0.47638888888888886 0.0805555555555556 0.15833333333333338
2 0.7916666666666666 0.06388888888888888 0.07222222222222219 0.12777777777777777
2 0.31805555555555554 0.2513888888888889 0.07499999999999996 0.13611111111111107
2 0.43194444444444446 0.4652777777777778 0.08611111111111114 0.15833333333333338
3 0.45555555555555555 0.24583333333333332 0.07222222222222219 0.14166666666666666
3 0.5722222222222222 0.25972222222222224 0.06666666666666665 0.13611111111111107
3 0.6152777777777778 0.4638888888888889 0.09722222222222232 0.16111111111111115
