0 0.3472222222222222 0.11250000000000002 0.1166666666666667 0.14166666666666666
0 0.4638888888888889 0.1638888888888889 0.08888888888888885 0.13333333333333336
0 0.575 0.6472222222222223 0.12222222222222223 0.1499999999999999
1 0.6041666666666666 0.22361111111111112 0.10277777777777786 0.1305555555555556
1 0.6513888888888889 0.4708333333333333 0.09722222222222232 0.125
1 0.19722222222222222 0.4930555555555556 0.1388888888888889 0.1694444444444445
2 0.7347222222222223 0.3 0.09722222222222232 0.12222222222222223
2 0.28055555555555556 0.2916666666666667 0.11111111111111113 0.13888888888888892
2 0.2972222222222222 0.5208333333333334 0.12777777777777777 0.16388888888888892
3 0.4041666666666667 0.33611111111111114 0.10833333333333339 0.13888888888888884
3 0.49444444444444446 0.3888888888888889 0.10000000000000003 0.1333333333333333
3 0.4555555555555555 0.5819444444444445 0.1277777777777777 0.15833333333333344
