0 0.2972222222222222 0.13472222222222222 0.07222222222222219 0.11388888888888887
0 0.4125 0.13055555555555556 0.0805555555555556 0.1111111111111111
0 0.7416666666666667 0.5027777777777778 0.09444444444444455 0.1555555555555555
1 0.5611111111111111 0.12777777777777777 0.061111111111111116 0.10555555555555557
1 0.7222222222222222 0.30833333333333335 0.07222222222222219 0.11111111111111116
1 0.3013888888888889 0.49027777777777776 0.09166666666666667 0.16388888888888886
2 0.7125 0.14166666666666666 0.06944444444444442 0.10555555555555557
2 0.30416666666666664 0.2902777777777778 0.06944444444444442 0.11944444444444446
2 0.40694444444444444 0.4847222222222222 0.0805555555555556 0.1527777777777778
3 0.42916666666666664 0.2847222222222222 0.06388888888888888 0.11944444444444446
3 0.5347222222222222 0.2972222222222222 0.06944444444444442 0.1166666666666667
3 0.5875 0.4847222222222222 0.08611111111111103 0.16388888888888886
