0 0.3458333333333333 0.10555555555555557 0.13055555555555554 0.12777777777777777
0 0.44027777777777777 0.18888888888888888 0.10833333333333339 0.1333333333333333
0 0.42083333333333334 0.6805555555555556 0.14722222222222225 0.13888888888888884
1 0.5555555555555556 0.2833333333333333 0.11111111111111116 0.12222222222222223
1 0.5375 0.5305555555555556 0.10833333333333339 0.12222222222222223
1 0.09722222222222224 0.43472222222222223 0.17222222222222222 0.1694444444444445
2 0.6541666666666667 0.3888888888888889 0.10277777777777786 0.12222222222222223
2 0.23472222222222222 0.25833333333333336 0.13055555555555554 0.13888888888888892
2 0.1875 0.49027777777777776 0.15833333333333333 0.1694444444444444
3 0.3388888888888889 0.33611111111111114 0.1333333333333333 0.13888888888888884
3 0.4097222222222222 0.41388888888888886 0.11388888888888893 0.12777777777777777
3 0.3263888888888889 0.5902777777777778 0.1527777777777778 0.15833333333333344
