0 0.26944444444444443 0.2263888888888889 0.0777777777777778 0.14166666666666666
0 0.4013888888888889 0.22777777777777777 0.08611111111111114 0.13333333333333336
0 0.6944444444444444 0.6152777777777778 0.08333333333333326 0.13611111111111107
1 0.5694444444444444 0.2263888888888889 0.07222222222222219 0.1305555555555556
1 0.7125 0.4361111111111111 0.06944444444444442 0.1166666666666667
1 0.2902777777777778 0.6041666666666666 0.0805555555555556 0.1416666666666666
2 0.7361111111111112 0.24305555555555558 0.07222222222222219 0.12500000000000003
2 0.2861111111111111 0.4083333333333333 0.07222222222222219 0.12777777777777777
2 0.3861111111111111 0.5972222222222222 0.07777777777777783 0.13888888888888884
3 0.41388888888888886 0.40555555555555556 0.06666666666666665 0.12777777777777777
3 0.5194444444444445 0.41944444444444445 0.06666666666666665 0.12222222222222223
3 0.5555555555555556 0.6 0.09444444444444455 0.14444444444444438
