0 0.25555555555555554 0.1763888888888889 0.08333333333333334 0.1472222222222222
0 0.39166666666666666 0.18194444444444444 0.08333333333333337 0.13611111111111113
0 0.6875 0.6208333333333333 0.09166666666666656 0.15277777777777768
1 0.5583333333333333 0.18611111111111112 0.07222222222222219 0.1333333333333333
1 0.7027777777777777 0.4152777777777778 0.06666666666666665 0.125
1 0.25555555555555554 0.5986111111111111 0.09444444444444444 0.16388888888888897
2 0.7236111111111111 0.21250000000000002 0.06388888888888888 0.12500000000000003
2 0.2611111111111111 0.3736111111111111 0.07222222222222219 0.13611111111111107
2 0.3611111111111111 0.5916666666666667 0.08333333333333337 0.15555555555555567
3 0.39166666666666666 0.3736111111111111 0.07222222222222219 0.13611111111111107
3 0.5097222222222222 0.39444444444444443 0.07499999999999996 0.1333333333333333
3 0.5430555555555555 0.5958333333333333 0.09722222222222227 0.15833333333333344
