0 0.19305555555555556 0.134375 0.08749999999999997 0.15763888888888888
0 0.3072916666666667 0.16944444444444445 0.0756944444444444 0.1333333333333333
0 0.528125 0.6184027777777777 0.06875000000000003 0.14513888888888893
1 0.42777777777777776 0.20277777777777778 0.05555555555555558 0.12777777777777777
1 0.5263888888888889 0.425 0.05277777777777781 0.1166666666666667
1 0.18194444444444444 0.5972222222222222 0.11388888888888887 0.19444444444444442
2 0.5319444444444444 0.25 0.05277777777777781 0.1166666666666667
2 0.19027777777777777 0.34305555555555556 0.08611111111111114 0.15833333333333333
2 0.2791666666666667 0.5930555555555556 0.08611111111111114 0.17500000000000004
3 0.30694444444444446 0.35694444444444445 0.07499999999999996 0.14166666666666672
3 0.39444444444444443 0.3888888888888889 0.061111111111111116 0.12777777777777777
3 0.425 0.5944444444444444 0.0888888888888889 0.1611111111111112
