0 0.4222222222222222 0.125 0.12777777777777777 0.12222222222222223
0 0.5097222222222222 0.2125 0.1027777777777778 0.1305555555555556
0 0.45694444444444443 0.6916666666666667 0.14722222222222225 0.1166666666666667
1 0.6138888888888889 0.31527777777777777 0.1166666666666667 0.125
1 0.5861111111111111 0.5597222222222222 0.11111111111111116 0.125
1 0.15555555555555556 0.42777777777777776 0.16666666666666663 0.16666666666666663
2 0.3055555555555556 0.2638888888888889 0.1333333333333333 0.13888888888888892
2 0.7083333333333334 0.4263888888888889 0.11111111111111116 0.11944444444444446
2 0.2375 0.4888888888888889 0.15833333333333333 0.1611111111111111
3 0.4 0.3472222222222222 0.12777777777777777 0.1333333333333333
3 0.4652777777777778 0.42916666666666664 0.11944444444444446 0.125
3 0.3680555555555556 0.6013888888888889 0.15833333333333333 0.1527777777777779
