0 0.25972222222222224 0.13194444444444445 0.07499999999999998 0.125
0 0.3819444444444444 0.1388888888888889 0.0805555555555556 0.12222222222222223
0 0.6833333333333333 0.5416666666666666 0.07777777777777772 0.14999999999999997
1 0.5333333333333333 0.14305555555555555 0.061111111111111116 0.11388888888888887
1 0.6805555555555556 0.3458333333333333 0.06666666666666665 0.11388888888888893
1 0.25972222222222224 0.5194444444444445 0.09166666666666667 0.16666666666666669
2 0.3638888888888889 0.5166666666666667 0.07777777777777783 0.1555555555555556
2 0.2638888888888889 0.30694444444444446 0.07222222222222219 0.125
2 0.6805555555555556 0.16666666666666666 0.06666666666666665 0.1111111111111111
3 0.39166666666666666 0.30416666666666664 0.06666666666666665 0.125
3 0.4986111111111111 0.3263888888888889 0.06388888888888888 0.11944444444444446
3 0.5402777777777777 0.5194444444444445 0.09166666666666662 0.16111111111111115
