0 0.2513888888888889 0.1597222222222222 0.08055555555555557 0.14166666666666666
0 0.3888888888888889 0.16111111111111112 0.0888888888888889 0.1388888888888889
0 0.7083333333333334 0.5930555555555556 0.0888888888888888 0.14722222222222214
1 0.5611111111111111 0.1597222222222222 0.07222222222222219 0.13611111111111107
1 0.7166666666666667 0.3888888888888889 0.06666666666666665 0.12777777777777777
1 0.26944444444444443 0.5819444444444445 0.0888888888888889 0.15833333333333344
2 0.7333333333333333 0.17916666666666667 0.07222222222222219 0.13611111111111113
2 0.2652777777777778 0.35833333333333334 0.07499999999999998 0.13888888888888895
2 0.375 0.5722222222222222 0.08333333333333337 0.1555555555555555
3 0.4027777777777778 0.3541666666666667 0.07222222222222219 0.13611111111111107
3 0.5152777777777777 0.36944444444444446 0.06944444444444442 0.1333333333333333
3 0.5569444444444445 0.5722222222222222 0.09722222222222232 0.16111111111111115
