0 0.3277777777777778 0.10972222222222222 0.07777777777777783 0.13611111111111107
0 0.4597222222222222 0.10694444444444444 0.09166666666666667 0.1361111111111111
0 0.7944444444444444 0.5347222222222222 0.08333333333333326 0.15833333333333338
1 0.6236111111111111 0.1 0.06388888888888888 0.12777777777777777
1 0.7916666666666666 0.3194444444444444 0.07222222222222219 0.12777777777777777
1 0.3472222222222222 0.5263888888888889 0.0888888888888889 0.16388888888888892
2 0.7930555555555555 0.11388888888888887 0.06944444444444442 0.12777777777777777
2 0.3416666666666667 0.3013888888888889 0.07222222222222219 0.13611111111111107
2 0.45416666666666666 0.5194444444444445 0.08611111111111114 0.16111111111111115
3 0.475 0.2916666666666667 0.07222222222222219 0.1333333333333333
3 0.5861111111111111 0.30972222222222223 0.07222222222222219 0.13055555555555554
3 0.6375 0.5152777777777777 0.09166666666666656 0.16388888888888892
