0 0.2569444444444444 0.22777777777777777 0.07499999999999998 0.1388888888888889
0 0.3902777777777778 0.22916666666666666 0.08611111111111114 0.13611111111111113
0 0.6916666666666667 0.6319444444444444 0.08333333333333326 0.1416666666666666
1 0.5597222222222222 0.22777777777777777 0.07499999999999996 0.13333333333333336
1 0.7069444444444445 0.44305555555555554 0.06944444444444442 0.11944444444444446
1 0.2777777777777778 0.6194444444444445 0.08333333333333334 0.14444444444444438
2 0.7291666666666666 0.24583333333333332 0.06944444444444442 0.1305555555555556
2 0.26944444444444443 0.4152777777777778 0.07222222222222219 0.13055555555555554
2 0.3763888888888889 0.6111111111111112 0.0805555555555556 0.14444444444444438
3 0.4013888888888889 0.41388888888888886 0.06944444444444442 0.12777777777777777
3 0.5152777777777777 0.4263888888888889 0.06944444444444442 0.125
3 0.55 0.6111111111111112 0.09444444444444455 0.1499999999999999
