0 0.24722222222222223 0.2111111111111111 0.08333333333333334 0.14444444444444443
0 0.38333333333333336 0.2111111111111111 0.0888888888888889 0.1388888888888889
0 0.6944444444444444 0.6291666666666667 0.0888888888888888 0.14722222222222214
1 0.5555555555555556 0.20972222222222223 0.07222222222222219 0.13611111111111113
1 0.7083333333333334 0.43194444444444446 0.06666666666666665 0.125
1 0.26666666666666666 0.6166666666666667 0.08333333333333334 0.15555555555555545
2 0.7291666666666666 0.2263888888888889 0.06944444444444442 0.1305555555555556
2 0.2625 0.4041666666666667 0.07499999999999998 0.13611111111111107
2 0.37083333333333335 0.6097222222222223 0.0805555555555556 0.15277777777777768
3 0.3958333333333333 0.4 0.07499999999999996 0.1333333333333333
3 0.5083333333333333 0.41805555555555557 0.06666666666666665 0.13055555555555554
3 0.5513888888888889 0.6097222222222223 0.09722222222222232 0.15277777777777768
