0 0.26666666666666666 0.15138888888888888 0.08333333333333334 0.14166666666666666
0 0.4 0.1527777777777778 0.08333333333333337 0.1388888888888889
0 0.7138888888888889 0.5861111111111111 0.08333333333333326 0.15555555555555567
1 0.5694444444444444 0.1527777777777778 0.07222222222222219 0.1333333333333333
1 0.7208333333333333 0.37916666666666665 0.06944444444444442 0.125
1 0.2791666666666667 0.5722222222222222 0.09166666666666667 0.16111111111111115
2 0.7361111111111112 0.1736111111111111 0.06666666666666665 0.13055555555555554
2 0.2763888888888889 0.3486111111111111 0.07499999999999998 0.13611111111111107
2 0.38472222222222224 0.5638888888888889 0.0805555555555556 0.1555555555555555
3 0.4111111111111111 0.34444444444444444 0.07222222222222219 0.1333333333333333
3 0.5236111111111111 0.3638888888888889 0.06944444444444442 0.1333333333333333
3 0.5652777777777778 0.5666666666666667 0.09722222222222232 0.16111111111111115
