0 0.3013888888888889 0.14166666666666666 0.0805555555555556 0.12222222222222223
0 0.4222222222222222 0.15833333333333333 0.07222222222222219 0.11666666666666668
0 0.6916666666666667 0.5847222222222223 0.0888888888888888 0.1527777777777779
1 0.5694444444444444 0.175 0.06666666666666665 0.12222222222222223
1 0.7013888888888888 0.38472222222222224 0.06388888888888888 0.11944444444444446
1 0.26944444444444443 0.5291666666666667 0.10555555555555554 0.1694444444444445
2 0.7152777777777778 0.20555555555555555 0.05833333333333335 0.1166666666666667
2 0.29305555555555557 0.31805555555555554 0.0805555555555556 0.13055555555555554
2 0.375 0.5333333333333333 0.0888888888888889 0.1555555555555556
3 0.4166666666666667 0.325 0.07777777777777783 0.12777777777777777
3 0.5208333333333334 0.35138888888888886 0.06944444444444442 0.125
3 0.55 0.5513888888888889 0.10555555555555557 0.16388888888888892
