0 0.3625 0.1 0.13055555555555554 0.12222222222222223
0 0.4527777777777778 0.1875 0.11111111111111105 0.13055555555555554
0 0.4083333333333333 0.6805555555555556 0.15000000000000002 0.13888888888888884
1 0.5611111111111111 0.28888888888888886 0.1166666666666667 0.12777777777777777
1 0.5333333333333333 0.5361111111111111 0.11111111111111116 0.12222222222222223
1 0.09444444444444444 0.41388888888888886 0.17222222222222222 0.16666666666666663
2 0.6541666666666667 0.3972222222222222 0.10833333333333339 0.12222222222222223
2 0.24444444444444444 0.24444444444444444 0.1388888888888889 0.13333333333333336
2 0.18333333333333332 0.4736111111111111 0.16111111111111115 0.16388888888888892
3 0.34444444444444444 0.325 0.1333333333333333 0.1333333333333333
3 0.4097222222222222 0.40694444444444444 0.11944444444444446 0.125
3 0.31527777777777777 0.5833333333333334 0.15833333333333333 0.15555555555555567
