0 0.2611111111111111 0.14166666666666666 0.08333333333333334 0.1388888888888889
0 0.39861111111111114 0.14166666666666666 0.08611111111111114 0.1388888888888889
0 0.7166666666666667 0.5763888888888888 0.0888888888888888 0.15277777777777773
1 0.5680555555555555 0.14166666666666666 0.06944444444444442 0.1333333333333333
1 0.7222222222222222 0.3680555555555556 0.06666666666666665 0.125
1 0.28055555555555556 0.5625 0.0888888888888889 0.15833333333333327
2 0.7388888888888889 0.16111111111111112 0.07222222222222219 0.13333333333333336
2 0.27361111111111114 0.3388888888888889 0.07499999999999998 0.1333333333333333
2 0.38333333333333336 0.5555555555555556 0.08333333333333337 0.16111111111111115
3 0.4097222222222222 0.33611111111111114 0.07499999999999996 0.13888888888888884
3 0.5222222222222223 0.35138888888888886 0.07777777777777772 0.13055555555555554
3 0.5652777777777778 0.5555555555555556 0.09722222222222232 0.16111111111111115
