0 0.3875 0.125 0.0805555555555556 0.13055555555555554
0 0.49583333333333335 0.14583333333333334 0.06944444444444442 0.1111111111111111
0 0.7347222222222223 0.5555555555555556 0.07499999999999996 0.1416666666666666
1 0.6222222222222222 0.16944444444444445 0.05555555555555558 0.11666666666666668
1 0.7375 0.375 0.05277777777777781 0.11111111111111116
1 0.3736111111111111 0.5111111111111111 0.10277777777777775 0.16666666666666669
2 0.7444444444444445 0.20694444444444443 0.05555555555555558 0.10833333333333331
2 0.38333333333333336 0.3 0.07222222222222219 0.1333333333333333
2 0.46944444444444444 0.5125 0.07777777777777772 0.15833333333333327
3 0.49583333333333335 0.3125 0.06944444444444442 0.125
3 0.5875 0.3388888888888889 0.06388888888888888 0.12222222222222223
3 0.6166666666666667 0.5277777777777778 0.0888888888888888 0.14999999999999997
