0 0.24027777777777778 0.18333333333333332 0.06944444444444448 0.11944444444444446
0 0.3625 0.1763888888888889 0.0805555555555556 0.12222222222222223
0 0.7041666666666667 0.5541666666666667 0.09166666666666656 0.16111111111111115
1 0.5125 0.1625 0.06388888888888888 0.11388888888888887
1 0.6833333333333333 0.35 0.07222222222222219 0.1166666666666667
1 0.26666666666666666 0.5638888888888889 0.08333333333333334 0.16111111111111115
2 0.6680555555555555 0.16805555555555557 0.07499999999999996 0.11944444444444446
2 0.25555555555555554 0.3541666666666667 0.07222222222222219 0.125
2 0.37222222222222223 0.5541666666666667 0.0888888888888889 0.15833333333333327
3 0.38472222222222224 0.3416666666666667 0.06944444444444442 0.12777777777777777
3 0.4930555555555556 0.35 0.06944444444444442 0.12222222222222223
3 0.5513888888888889 0.5430555555555555 0.08055555555555549 0.15833333333333338
