0 0.38472222222222224 0.14583333333333334 0.09166666666666667 0.125
0 0.5 0.175 0.061111111111111116 0.11666666666666668
0 0.7194444444444444 0.6263888888888889 0.10000000000000009 0.16388888888888897
1 0.6416666666666667 0.20555555555555555 0.07222222222222219 0.12222222222222223
1 0.75 0.43194444444444446 0.07222222222222219 0.125
1 0.3111111111111111 0.5222222222222223 0.1166666666666667 0.17222222222222228
2 0.35555555555555557 0.31666666666666665 0.0888888888888889 0.1333333333333333
2 0.7833333333333333 0.25416666666666665 0.06666666666666665 0.11944444444444446
2 0.41388888888888886 0.5375 0.09444444444444444 0.15833333333333338
3 0.47638888888888886 0.3375 0.08611111111111108 0.13055555555555554
3 0.5736111111111111 0.3763888888888889 0.08611111111111103 0.125
3 0.5833333333333334 0.575 0.11111111111111116 0.16666666666666669
