0 0.2916666666666667 0.16944444444444445 0.06666666666666665 0.09999999999999999
0 0.40694444444444444 0.16805555555555557 0.07499999999999996 0.10833333333333334
0 0.7416666666666667 0.5097222222222222 0.10000000000000009 0.15833333333333327
1 0.55 0.1597222222222222 0.061111111111111116 0.09999999999999999
1 0.7138888888888889 0.325 0.07777777777777772 0.10833333333333328
1 0.30694444444444446 0.5152777777777777 0.08611111111111114 0.1555555555555555
2 0.6972222222222222 0.16527777777777777 0.07222222222222219 0.10277777777777779
2 0.30416666666666664 0.3194444444444444 0.06388888888888888 0.1166666666666667
2 0.4125 0.5013888888888889 0.08611111111111114 0.15277777777777773
3 0.425 0.30972222222222223 0.06666666666666665 0.11388888888888893
3 0.5291666666666667 0.3194444444444444 0.06944444444444442 0.11111111111111116
3 0.5902777777777778 0.49722222222222223 0.08055555555555549 0.1555555555555555
