0 0.31805555555555554 0.14027777777777778 0.07499999999999996 0.12222222222222223
0 0.43472222222222223 0.14583333333333334 0.0805555555555556 0.11666666666666665
0 0.7333333333333333 0.5333333333333333 0.08333333333333326 0.1472222222222222
1 0.5777777777777777 0.1486111111111111 0.061111111111111116 0.11388888888888887
1 0.7236111111111111 0.3416666666666667 0.06388888888888888 0.10555555555555551
1 0.3277777777777778 0.5180555555555556 0.0888888888888889 0.16388888888888892
2 0.7208333333333333 0.16805555555555557 0.06388888888888888 0.10833333333333334
2 0.3263888888888889 0.3111111111111111 0.06388888888888888 0.12222222222222223
2 0.4263888888888889 0.5111111111111111 0.0805555555555556 0.14999999999999997
3 0.44722222222222224 0.30833333333333335 0.06666666666666665 0.12222222222222223
3 0.55 0.325 0.061111111111111116 0.1166666666666667
3 0.5958333333333333 0.5138888888888888 0.08611111111111103 0.1555555555555555
