0 0.3013888888888889 0.09166666666666665 0.0805555555555556 0.14444444444444443
0 0.4388888888888889 0.09166666666666665 0.0888888888888889 0.14444444444444443
0 0.7625 0.5222222222222223 0.09166666666666656 0.14999999999999997
1 0.6138888888888889 0.08472222222222223 0.07222222222222219 0.13611111111111113
1 0.7694444444444445 0.31527777777777777 0.06666666666666665 0.13055555555555554
1 0.32916666666666666 0.5125 0.0805555555555556 0.15277777777777773
2 0.7875 0.10277777777777777 0.06388888888888888 0.13333333333333336
2 0.3194444444444444 0.29305555555555557 0.07222222222222219 0.13611111111111107
2 0.4305555555555556 0.5013888888888889 0.08333333333333337 0.15277777777777773
3 0.4527777777777778 0.2861111111111111 0.06666666666666665 0.1333333333333333
3 0.5694444444444444 0.30277777777777776 0.07222222222222219 0.13888888888888892
3 0.6125 0.5041666666666667 0.09722222222222232 0.15833333333333327
