0 0.26944444444444443 0.19583333333333333 0.0777777777777778 0.13611111111111113
0 0.4013888888888889 0.1986111111111111 0.0805555555555556 0.13611111111111113
0 0.6972222222222222 0.5875 0.08333333333333326 0.13611111111111107
1 0.5694444444444444 0.19583333333333333 0.07222222222222219 0.1305555555555556
1 0.7138888888888889 0.4083333333333333 0.06666666666666665 0.1166666666666667
1 0.29305555555555557 0.5708333333333333 0.0805555555555556 0.1416666666666666
2 0.7402777777777778 0.2138888888888889 0.06944444444444442 0.1277777777777778
2 0.2847222222222222 0.37916666666666665 0.06944444444444442 0.125
2 0.3875 0.5666666666666667 0.07499999999999996 0.1333333333333333
3 0.4111111111111111 0.3763888888888889 0.06666666666666665 0.13055555555555554
3 0.5222222222222223 0.3902777777777778 0.06666666666666665 0.11944444444444446
3 0.5569444444444445 0.5680555555555555 0.09722222222222232 0.1416666666666666
