0 0.3236111111111111 0.11527777777777778 0.07499999999999996 0.11944444444444446
0 0.4444444444444444 0.11666666666666667 0.07777777777777772 0.11666666666666665
0 0.7680555555555556 0.5166666666666667 0.08611111111111103 0.16111111111111115
1 0.5958333333333333 0.11527777777777778 0.06388888888888888 0.11944444444444446
1 0.7555555555555555 0.3138888888888889 0.07222222222222219 0.12222222222222223
1 0.3194444444444444 0.4930555555555556 0.09444444444444444 0.1694444444444445
2 0.7513888888888889 0.13194444444444445 0.06944444444444442 0.11388888888888887
2 0.3263888888888889 0.2847222222222222 0.06944444444444442 0.125
2 0.4263888888888889 0.49027777777777776 0.0805555555555556 0.15833333333333333
3 0.4527777777777778 0.2791666666666667 0.06666666666666665 0.125
3 0.5625 0.2972222222222222 0.06944444444444442 0.12222222222222223
3 0.6111111111111112 0.49444444444444446 0.09444444444444455 0.16666666666666669
