0 0.12916666666666668 0.1736111111111111 0.09722222222222221 0.12777777777777777
0 0.43194444444444446 0.5611111111111111 0.09166666666666667 0.1472222222222222
0 0.5763888888888888 0.5638888888888889 0.08055555555555549 0.1472222222222222
1 0.55 0.20277777777777778 0.07777777777777772 0.12777777777777777
1 0.09861111111111111 0.34305555555555556 0.08611111111111111 0.11944444444444446
1 0.24166666666666664 0.5611111111111111 0.08888888888888888 0.14444444444444438
2 0.4527777777777778 0.20416666666666666 0.07777777777777783 0.125
2 0.5583333333333333 0.3819444444444444 0.07222222222222219 0.125
2 0.05416666666666667 0.5402777777777777 0.09166666666666667 0.1416666666666666
3 0.27361111111111114 0.19722222222222222 0.10277777777777775 0.13333333333333336
3 0.30416666666666664 0.36527777777777776 0.07499999999999996 0.11388888888888893
3 0.42083333333333334 0.37916666666666665 0.07499999999999996 0.125
