0 0.46805555555555556 0.08472222222222223 0.125 0.09444444444444444
0 0.5416666666666666 0.16666666666666666 0.12222222222222223 0.11388888888888887
0 0.3972222222222222 0.6472222222222223 0.18333333333333335 0.1694444444444445
1 0.1527777777777778 0.28194444444444444 0.16666666666666663 0.13611111111111107
1 0.6402777777777777 0.2722222222222222 0.125 0.10555555555555554
1 0.5763888888888888 0.5152777777777777 0.13611111111111107 0.125
2 0.33194444444444443 0.175 0.13611111111111107 0.10555555555555557
2 0.21805555555555556 0.35694444444444445 0.17500000000000002 0.1527777777777778
2 0.7361111111111112 0.4041666666666667 0.12777777777777777 0.11944444444444446
3 0.4097222222222222 0.2611111111111111 0.13611111111111107 0.1166666666666667
3 0.46111111111111114 0.35138888888888886 0.1333333333333333 0.11388888888888893
3 0.32083333333333336 0.5027777777777778 0.16944444444444443 0.14999999999999997
