0 0.30833333333333335 0.05694444444444444 0.10555555555555551 0.10555555555555556
0 0.4097222222222222 0.09722222222222222 0.0805555555555556 0.10277777777777777
0 0.5277777777777778 0.5527777777777778 0.1333333333333333 0.17500000000000004
1 0.5486111111111112 0.1486111111111111 0.09722222222222232 0.11388888888888887
1 0.6097222222222223 0.37222222222222223 0.09722222222222232 0.12777777777777777
1 0.13055555555555556 0.35833333333333334 0.14999999999999997 0.16666666666666663
2 0.23472222222222222 0.18888888888888888 0.1138888888888889 0.12222222222222223
2 0.6847222222222222 0.2152777777777778 0.09166666666666656 0.11944444444444446
2 0.22777777777777777 0.3958333333333333 0.14444444444444443 0.16388888888888886
3 0.3472222222222222 0.23055555555555557 0.1166666666666667 0.12777777777777777
3 0.4388888888888889 0.2847222222222222 0.10555555555555551 0.125
3 0.39166666666666666 0.46944444444444444 0.15000000000000002 0.17222222222222228
