0 0.04722222222222222 0.4638888888888889 0.09444444444444444 0.09166666666666662
0 0.06666666666666667 0.34444444444444444 0.13333333333333333 0.06944444444444442
0 0.5555555555555556 0.15833333333333333 0.1555555555555555 0.08611111111111112
1 0.35833333333333334 0.1375 0.12222222222222223 0.05833333333333335
1 0.1111111111111111 0.21944444444444444 0.1388888888888889 0.06666666666666665
1 0.47777777777777786 0.5055555555555555 0.19444444444444448 0.12222222222222223
2 0.1736111111111111 0.11388888888888889 0.125 0.05555555555555555
2 0.2263888888888889 0.475 0.16944444444444445 0.09444444444444439
2 0.4916666666666666 0.40694444444444444 0.1833333333333333 0.10277777777777775
3 0.2569444444444444 0.3597222222222222 0.1527777777777778 0.08611111111111114
3 0.3013888888888889 0.27361111111111114 0.1416666666666667 0.06944444444444442
3 0.5166666666666667 0.2638888888888889 0.17222222222222228 0.09999999999999998
