0 0.10972222222222222 0.36527777777777776 0.15833333333333333 0.15555555555555556
0 0.6486111111111111 0.4555555555555555 0.14722222222222214 0.12499999999999994
0 0.7388888888888889 0.37777777777777777 0.1333333333333333 0.125
1 0.45416666666666666 0.1361111111111111 0.14166666666666672 0.13333333333333336
1 0.24027777777777778 0.5138888888888888 0.13611111111111113 0.13888888888888884
1 0.5291666666666667 0.5694444444444444 0.1416666666666666 0.14444444444444438
2 0.38472222222222224 0.19305555555555556 0.14722222222222225 0.13611111111111113
2 0.5944444444444444 0.2638888888888889 0.12777777777777777 0.12222222222222223
2 0.37777777777777777 0.6777777777777778 0.15000000000000002 0.13888888888888884
3 0.24722222222222223 0.2916666666666667 0.1444444444444444 0.15000000000000002
3 0.4125 0.3972222222222222 0.13055555555555554 0.12777777777777777
3 0.5083333333333333 0.3388888888888889 0.1333333333333333 0.12777777777777777
