0 0.5097222222222222 0.08055555555555556 0.15833333333333327 0.09722222222222224
0 0.21805555555555556 0.4625 0.16388888888888886 0.12777777777777777
0 0.26944444444444443 0.5888888888888889 0.16666666666666663 0.11388888888888893
1 0.32222222222222224 0.1388888888888889 0.1333333333333333 0.0888888888888889
1 0.16111111111111112 0.3236111111111111 0.14999999999999997 0.10277777777777775
1 0.6972222222222222 0.40555555555555556 0.18888888888888888 0.12777777777777777
2 0.125 0.19305555555555556 0.1388888888888889 0.09166666666666667
2 0.6375 0.3236111111111111 0.18055555555555558 0.125
2 0.4777777777777778 0.49722222222222223 0.16666666666666663 0.12222222222222223
3 0.5527777777777778 0.1875 0.16666666666666669 0.10277777777777775
3 0.38055555555555554 0.2861111111111111 0.14444444444444438 0.09999999999999998
3 0.4125 0.38055555555555554 0.15833333333333333 0.11111111111111116
