0 0.3472222222222222 0.02986111111111111 0.1166666666666667 0.05972222222222222
0 0.44305555555555554 0.06527777777777778 0.09722222222222221 0.11666666666666667
0 0.4638888888888889 0.55 0.16111111111111115 0.18055555555555558
1 0.10555555555555556 0.2777777777777778 0.16666666666666666 0.15555555555555556
1 0.5708333333333333 0.1361111111111111 0.11388888888888893 0.1111111111111111
1 0.5861111111111111 0.37916666666666665 0.1166666666666667 0.13055555555555554
2 0.24583333333333335 0.13055555555555556 0.12500000000000003 0.12222222222222223
2 0.19305555555555556 0.3347222222222222 0.16388888888888892 0.16388888888888886
2 0.7 0.23333333333333334 0.10555555555555562 0.12222222222222223
3 0.3472222222222222 0.19027777777777777 0.12777777777777777 0.125
3 0.42916666666666664 0.2611111111111111 0.11944444444444446 0.12222222222222223
3 0.34305555555555556 0.44166666666666665 0.1694444444444445 0.17222222222222228
