0 0.08333333333333333 0.3527777777777778 0.11666666666666667 0.1527777777777778
0 0.5472222222222223 0.5902777777777778 0.1333333333333333 0.14444444444444438
0 0.6694444444444444 0.5402777777777777 0.11111111111111116 0.13888888888888884
1 0.48055555555555557 0.23472222222222222 0.11111111111111105 0.13055555555555554
1 0.14027777777777778 0.5222222222222223 0.10277777777777776 0.13888888888888884
1 0.38472222222222224 0.6611111111111111 0.11944444444444446 0.15555555555555567
2 0.3972222222222222 0.26944444444444443 0.1166666666666667 0.13888888888888892
2 0.5722222222222222 0.3888888888888889 0.11111111111111116 0.12777777777777777
2 0.19583333333333333 0.6958333333333333 0.11388888888888887 0.10833333333333339
3 0.2361111111111111 0.3194444444444444 0.10555555555555554 0.13888888888888887
3 0.34444444444444444 0.4652777777777778 0.10555555555555551 0.13055555555555554
3 0.45555555555555555 0.4375 0.11111111111111105 0.13611111111111107
