0 0.05694444444444444 0.43194444444444446 0.11388888888888889 0.09444444444444444
0 0.0875 0.32083333333333336 0.1472222222222222 0.06666666666666665
0 0.5888888888888889 0.1597222222222222 0.15555555555555567 0.0888888888888889
1 0.14583333333333334 0.1986111111111111 0.13611111111111113 0.06944444444444448
1 0.3958333333333333 0.13194444444444445 0.125 0.05833333333333335
1 0.4875 0.5013888888888889 0.20277777777777783 0.13055555555555554
2 0.2152777777777778 0.09861111111111111 0.125 0.05833333333333332
2 0.24027777777777778 0.4583333333333333 0.16944444444444445 0.09999999999999998
2 0.5041666666666667 0.4041666666666667 0.18611111111111112 0.10833333333333339
3 0.2777777777777778 0.34444444444444444 0.15000000000000002 0.0888888888888889
3 0.33055555555555555 0.2625 0.13888888888888895 0.07499999999999998
3 0.5416666666666666 0.25972222222222224 0.17222222222222228 0.10833333333333331
