0 0.08472222222222223 0.33055555555555555 0.16944444444444445 0.1527777777777778
0 0.6444444444444445 0.35555555555555557 0.14444444444444438 0.11388888888888893
0 0.7180555555555556 0.2638888888888889 0.13611111111111107 0.11944444444444446
1 0.4 0.059722222222222225 0.15000000000000002 0.11944444444444445
1 0.24722222222222223 0.4652777777777778 0.15000000000000002 0.13611111111111107
1 0.5430555555555555 0.4805555555555556 0.1472222222222222 0.13333333333333336
2 0.3375 0.12083333333333333 0.15833333333333333 0.1361111111111111
2 0.5611111111111111 0.16944444444444445 0.1333333333333333 0.11666666666666668
2 0.4111111111111111 0.6111111111111112 0.15555555555555556 0.13888888888888884
3 0.2152777777777778 0.2375 0.15833333333333333 0.14722222222222225
3 0.4027777777777778 0.325 0.13888888888888884 0.12222222222222223
3 0.4875 0.25555555555555554 0.14166666666666672 0.12777777777777777
