0 0.10833333333333334 0.39305555555555555 0.1388888888888889 0.15555555555555556
0 0.6152777777777778 0.5555555555555556 0.1416666666666666 0.13611111111111107
0 0.7222222222222222 0.48611111111111116 0.12222222222222223 0.13611111111111113
1 0.4805555555555556 0.21388888888888888 0.12777777777777782 0.13333333333333336
1 0.20416666666666666 0.5541666666666667 0.125 0.1416666666666666
1 0.47638888888888886 0.65 0.13055555555555554 0.1499999999999999
2 0.4013888888888889 0.25972222222222224 0.13611111111111107 0.13611111111111107
2 0.5986111111111111 0.35555555555555557 0.11944444444444446 0.12222222222222223
2 0.2972222222222222 0.7069444444444445 0.1166666666666667 0.08611111111111103
3 0.25416666666666665 0.3388888888888889 0.125 0.15000000000000002
3 0.39444444444444443 0.46805555555555556 0.1166666666666667 0.13611111111111107
3 0.4986111111111111 0.41805555555555557 0.125 0.13055555555555554
