0 0.11527777777777778 0.5166666666666667 0.18611111111111112 0.125
0 0.6277777777777778 0.3416666666666667 0.12222222222222223 0.06944444444444442
0 0.6541666666666667 0.2375 0.125 0.0888888888888889
1 0.2847222222222222 0.14722222222222223 0.16388888888888886 0.10555555555555557
1 0.6 0.48333333333333334 0.13888888888888884 0.10555555555555551
1 0.3263888888888889 0.5777777777777777 0.14166666666666672 0.10555555555555562
2 0.4805555555555556 0.20277777777777778 0.12777777777777782 0.0888888888888889
2 0.25972222222222224 0.22916666666666666 0.15833333333333333 0.10833333333333334
2 0.5416666666666666 0.6458333333333334 0.14999999999999997 0.09722222222222232
3 0.1986111111111111 0.37777777777777777 0.175 0.12222222222222223
3 0.45555555555555555 0.30277777777777776 0.13888888888888895 0.0888888888888889
3 0.4097222222222222 0.3958333333333333 0.13611111111111107 0.09166666666666667
