0 0.06527777777777778 0.5125 0.13055555555555556 0.08888888888888885
0 0.08055555555555557 0.39305555555555555 0.14444444444444443 0.08333333333333337
0 0.5444444444444444 0.15694444444444444 0.14444444444444438 0.0722222222222222
1 0.3458333333333333 0.1527777777777778 0.11944444444444446 0.04999999999999999
1 0.10972222222222222 0.25833333333333336 0.13611111111111107 0.061111111111111116
1 0.5277777777777778 0.5083333333333333 0.18888888888888888 0.10555555555555557
2 0.15555555555555556 0.14444444444444443 0.12777777777777777 0.04999999999999999
2 0.2722222222222222 0.5069444444444444 0.1611111111111111 0.08055555555555555
2 0.5236111111111111 0.4111111111111111 0.17500000000000004 0.0888888888888889
3 0.2833333333333333 0.3875 0.15000000000000002 0.07499999999999996
3 0.30972222222222223 0.2972222222222222 0.13611111111111107 0.06666666666666665
3 0.5222222222222223 0.2638888888888889 0.16111111111111115 0.09444444444444444
