0 0.33055555555555555 0.04027777777777777 0.11111111111111105 0.07777777777777778
0 0.4305555555555556 0.0763888888888889 0.0888888888888889 0.1111111111111111
0 0.5027777777777778 0.5430555555555555 0.14999999999999997 0.1777777777777778
1 0.12638888888888888 0.3111111111111111 0.1527777777777778 0.15555555555555556
1 0.5625 0.1375 0.10277777777777786 0.11388888888888887
1 0.6041666666666666 0.37083333333333335 0.10833333333333339 0.13055555555555554
2 0.2458333333333333 0.15555555555555556 0.11944444444444444 0.12222222222222223
2 0.21805555555555556 0.3597222222222222 0.14722222222222225 0.16388888888888886
2 0.6958333333333333 0.21944444444444444 0.09722222222222232 0.12222222222222223
3 0.35138888888888886 0.20555555555555555 0.11944444444444446 0.12777777777777777
3 0.4388888888888889 0.2652777777777778 0.11111111111111116 0.125
3 0.3736111111111111 0.44999999999999996 0.15833333333333333 0.17777777777777776
