0 0.3638888888888889 0.04097222222222222 0.1444444444444445 0.08194444444444444
0 0.3972222222222222 0.48055555555555557 0.12222222222222223 0.1527777777777778
0 0.5277777777777778 0.5555555555555556 0.14999999999999997 0.16388888888888892
1 0.24305555555555558 0.15138888888888888 0.12500000000000003 0.11944444444444446
1 0.7291666666666666 0.2097222222222222 0.1527777777777779 0.15277777777777776
1 0.24027777777777778 0.39305555555555555 0.14166666666666666 0.14722222222222225
2 0.10138888888888889 0.29444444444444445 0.14166666666666666 0.1333333333333333
2 0.6319444444444444 0.17222222222222222 0.13611111111111107 0.15000000000000002
2 0.625 0.38055555555555554 0.1333333333333333 0.14444444444444438
3 0.4041666666666667 0.25277777777777777 0.125 0.12777777777777777
3 0.49722222222222223 0.31805555555555554 0.1333333333333333 0.14166666666666664
3 0.4777777777777778 0.09166666666666665 0.15000000000000002 0.1388888888888889
