0 0.48750000000000004 0.12222222222222222 0.12500000000000006 0.08055555555555557
0 0.2847222222222222 0.6638888888888889 0.18611111111111112 0.14722222222222214
0 0.5388888888888889 0.21666666666666667 0.12777777777777777 0.10277777777777775
1 0.13472222222222222 0.2569444444444444 0.16944444444444445 0.1138888888888889
1 0.6152777777777778 0.3388888888888889 0.13055555555555554 0.09444444444444444
1 0.4930555555555556 0.5708333333333333 0.1472222222222222 0.11388888888888893
2 0.33194444444444443 0.1875 0.13055555555555554 0.09722222222222221
2 0.1763888888888889 0.34305555555555556 0.175 0.13055555555555554
2 0.6805555555555556 0.4916666666666666 0.13888888888888884 0.11666666666666664
3 0.3888888888888889 0.2861111111111111 0.13888888888888895 0.09999999999999998
3 0.41805555555555557 0.3875 0.13611111111111107 0.09722222222222221
3 0.24583333333333332 0.5055555555555555 0.175 0.12777777777777777
