0 0.10277777777777777 0.3263888888888889 0.16666666666666669 0.15000000000000002
0 0.6513888888888889 0.38333333333333336 0.1416666666666666 0.11944444444444446
0 0.7319444444444444 0.3 0.13055555555555554 0.125
1 0.43194444444444446 0.07777777777777778 0.1472222222222222 0.1333333333333333
1 0.24861111111111112 0.4666666666666667 0.14166666666666664 0.13888888888888884
1 0.5388888888888889 0.5013888888888889 0.13888888888888884 0.13611111111111107
2 0.36666666666666664 0.1375 0.15555555555555556 0.13611111111111107
2 0.5833333333333334 0.1958333333333333 0.1333333333333333 0.11944444444444444
2 0.4013888888888889 0.6236111111111111 0.1527777777777778 0.1416666666666666
3 0.2375 0.24305555555555555 0.14722222222222225 0.1472222222222222
3 0.41388888888888886 0.3402777777777778 0.1333333333333333 0.11944444444444446
3 0.5027777777777778 0.2763888888888889 0.13888888888888884 0.125
