0 0.25 0.6416666666666667 0.18888888888888888 0.13611111111111107
0 0.5194444444444445 0.12083333333333333 0.12222222222222223 0.07222222222222222
0 0.5611111111111111 0.21944444444444444 0.1333333333333333 0.10277777777777775
1 0.14722222222222223 0.21944444444444444 0.16111111111111115 0.09444444444444444
1 0.6236111111111111 0.35138888888888886 0.13055555555555554 0.08611111111111114
1 0.4722222222222222 0.5708333333333333 0.14444444444444438 0.10833333333333339
2 0.35555555555555557 0.16944444444444445 0.1333333333333333 0.0888888888888889
2 0.18472222222222223 0.3125 0.16944444444444448 0.11944444444444446
2 0.6736111111111112 0.5138888888888888 0.1416666666666666 0.11111111111111116
3 0.39861111111111114 0.27361111111111114 0.1416666666666666 0.09722222222222221
3 0.42083333333333334 0.3763888888888889 0.13611111111111107 0.09166666666666667
3 0.23194444444444445 0.47916666666666663 0.17499999999999996 0.11388888888888887
