0 0.14027777777777778 0.5694444444444444 0.18611111111111112 0.11388888888888893
0 0.6416666666666667 0.24305555555555555 0.12222222222222223 0.08333333333333331
0 0.6305555555555555 0.3486111111111111 0.12222222222222223 0.06666666666666665
1 0.26944444444444443 0.18472222222222223 0.15555555555555556 0.09722222222222221
1 0.3638888888888889 0.6125 0.1444444444444445 0.09166666666666656
1 0.6166666666666667 0.49166666666666664 0.1333333333333333 0.0888888888888889
2 0.46944444444444444 0.22083333333333333 0.12777777777777777 0.08055555555555557
2 0.25416666666666665 0.26944444444444443 0.15833333333333333 0.09999999999999998
2 0.5791666666666667 0.6611111111111111 0.1416666666666666 0.0888888888888888
3 0.20833333333333334 0.425 0.17222222222222222 0.1166666666666667
3 0.4541666666666667 0.3263888888888889 0.1305555555555556 0.08611111111111114
3 0.41805555555555557 0.42083333333333334 0.13611111111111107 0.0805555555555556
