0 0.38472222222222224 0.04513888888888889 0.14722222222222225 0.09027777777777778
0 0.37222222222222223 0.49722222222222223 0.1333333333333333 0.15277777777777773
0 0.4986111111111111 0.5819444444444445 0.15833333333333327 0.1611111111111112
1 0.2513888888888889 0.1527777777777778 0.13055555555555554 0.11666666666666668
1 0.7416666666666667 0.2458333333333333 0.1611111111111112 0.1583333333333333
1 0.2222222222222222 0.3972222222222222 0.15000000000000002 0.1444444444444445
2 0.09722222222222224 0.2875 0.14444444444444443 0.13055555555555554
2 0.6416666666666667 0.1986111111111111 0.1499999999999999 0.1472222222222222
2 0.6138888888888889 0.4111111111111111 0.14444444444444438 0.15000000000000002
3 0.49166666666666664 0.10694444444444444 0.15555555555555556 0.1361111111111111
3 0.4 0.26805555555555555 0.1333333333333333 0.13055555555555554
3 0.4888888888888889 0.3375 0.1444444444444445 0.1416666666666666
