0 0.44722222222222224 0.050694444444444445 0.1611111111111111 0.10138888888888889
0 0.2861111111111111 0.4888888888888889 0.15555555555555556 0.1527777777777778
0 0.37916666666666665 0.6 0.17500000000000004 0.14722222222222214
1 0.17777777777777776 0.3611111111111111 0.15555555555555553 0.12777777777777777
1 0.28055555555555556 0.1375 0.1333333333333333 0.10833333333333334
1 0.7305555555555555 0.3263888888888889 0.18333333333333335 0.14722222222222225
2 0.09583333333333334 0.23333333333333334 0.14722222222222223 0.11111111111111108
2 0.6472222222222223 0.25833333333333336 0.17222222222222228 0.14444444444444446
2 0.5513888888888889 0.46111111111111114 0.16388888888888892 0.14444444444444438
3 0.5236111111111111 0.14166666666666666 0.16388888888888892 0.12222222222222223
3 0.3875 0.275 0.14166666666666672 0.1166666666666667
3 0.4486111111111111 0.3611111111111111 0.1527777777777778 0.1333333333333333
