0 0.04583333333333333 0.5013888888888889 0.09166666666666666 0.08888888888888885
0 0.059722222222222225 0.37777777777777777 0.11944444444444445 0.07499999999999996
0 0.5277777777777778 0.16666666666666666 0.14999999999999997 0.07500000000000001
1 0.33055555555555555 0.15416666666666667 0.12222222222222223 0.05277777777777776
1 0.0875 0.2513888888888889 0.14166666666666666 0.06388888888888888
1 0.4833333333333334 0.5180555555555556 0.19444444444444448 0.11388888888888893
2 0.14305555555555555 0.1375 0.13055555555555554 0.05277777777777777
2 0.22916666666666666 0.5041666666666667 0.16388888888888892 0.09166666666666662
2 0.48194444444444445 0.4166666666666667 0.17499999999999993 0.0888888888888889
3 0.24722222222222223 0.38333333333333336 0.15555555555555556 0.08333333333333337
3 0.2847222222222222 0.29444444444444445 0.14166666666666664 0.06666666666666665
3 0.49722222222222223 0.2708333333333333 0.16666666666666669 0.09722222222222221
