0 0.043055555555555555 0.35 0.08611111111111111 0.11388888888888893
0 0.13472222222222222 0.2861111111111111 0.1305555555555556 0.09166666666666667
0 0.6513888888888889 0.3236111111111111 0.1694444444444445 0.1333333333333333
1 0.24861111111111112 0.2111111111111111 0.1138888888888889 0.08333333333333331
1 0.49583333333333335 0.23055555555555557 0.11944444444444446 0.08333333333333334
1 0.31527777777777777 0.5763888888888888 0.18611111111111112 0.17500000000000004
2 0.37083333333333335 0.15 0.11388888888888893 0.07777777777777778
2 0.1527777777777778 0.44166666666666665 0.14444444444444443 0.12222222222222223
2 0.3972222222222222 0.5027777777777778 0.18333333333333335 0.16111111111111115
3 0.25555555555555554 0.36666666666666664 0.1333333333333333 0.11111111111111105
3 0.3541666666666667 0.31805555555555554 0.13055555555555554 0.09722222222222221
3 0.5347222222222222 0.39305555555555555 0.16388888888888892 0.13611111111111107
