0 0.1527777777777778 0.14444444444444443 0.1111111111111111 0.13055555555555554
0 0.4111111111111111 0.5513888888888889 0.07777777777777772 0.14444444444444438
0 0.5555555555555556 0.5666666666666667 0.09444444444444455 0.1472222222222222
1 0.10416666666666667 0.30972222222222223 0.09166666666666665 0.11944444444444446
1 0.5666666666666667 0.20277777777777778 0.09444444444444455 0.1333333333333333
1 0.225 0.5361111111111111 0.10000000000000003 0.14444444444444438
2 0.46944444444444444 0.2 0.08333333333333331 0.1333333333333333
2 0.5555555555555556 0.3819444444444444 0.07777777777777772 0.13055555555555554
2 0.044444444444444446 0.5 0.08888888888888889 0.1333333333333333
3 0.29444444444444445 0.17777777777777778 0.11111111111111108 0.13333333333333336
3 0.3055555555555556 0.3486111111111111 0.0888888888888889 0.125
3 0.42083333333333334 0.37222222222222223 0.08611111111111114 0.1333333333333333
