0 0.06527777777777778 0.4166666666666667 0.13055555555555556 0.10833333333333328
0 0.12083333333333333 0.31527777777777777 0.14722222222222223 0.07222222222222219
0 0.6347222222222222 0.20416666666666666 0.15833333333333321 0.09999999999999998
1 0.19444444444444445 0.20416666666666666 0.13333333333333336 0.07500000000000001
1 0.4472222222222222 0.15555555555555556 0.1277777777777777 0.06666666666666665
1 0.475 0.5319444444444444 0.2055555555555555 0.1472222222222222
2 0.2777777777777778 0.1111111111111111 0.12222222222222223 0.061111111111111116
2 0.24166666666666667 0.4638888888888889 0.16111111111111115 0.10555555555555557
2 0.5097222222222222 0.4388888888888889 0.18611111111111112 0.12222222222222223
3 0.2986111111111111 0.35833333333333334 0.1527777777777778 0.09999999999999998
3 0.3611111111111111 0.28055555555555556 0.13888888888888895 0.08333333333333334
3 0.5736111111111111 0.3 0.17500000000000004 0.1166666666666667
