0 0.20416666666666666 0.6222222222222222 0.18055555555555558 0.11388888888888893
0 0.5861111111111111 0.16111111111111112 0.1166666666666667 0.06388888888888888
0 0.6055555555555555 0.2652777777777778 0.1333333333333333 0.08333333333333334
1 0.1986111111111111 0.19722222222222222 0.1472222222222222 0.07777777777777778
1 0.6402777777777777 0.4083333333333333 0.13055555555555554 0.07222222222222219
1 0.4388888888888889 0.5958333333333333 0.13888888888888884 0.08611111111111103
2 0.4097222222222222 0.18333333333333332 0.125 0.07222222222222224
2 0.2111111111111111 0.28888888888888886 0.16666666666666669 0.09444444444444444
2 0.6583333333333333 0.5791666666666667 0.14444444444444438 0.09166666666666656
3 0.42916666666666664 0.2916666666666667 0.13611111111111107 0.08333333333333337
3 0.42916666666666664 0.3958333333333333 0.13055555555555554 0.07499999999999996
3 0.21805555555555556 0.4583333333333333 0.16944444444444448 0.0888888888888889
