0 0.13194444444444445 0.4486111111111111 0.1527777777777778 0.10555555555555551
0 0.1388888888888889 0.5763888888888888 0.1611111111111111 0.0888888888888888
0 0.5222222222222223 0.1388888888888889 0.1555555555555556 0.07500000000000001
1 0.6125 0.48055555555555557 0.18611111111111112 0.10555555555555551
2 0.13055555555555556 0.18611111111111112 0.12777777777777777 0.07222222222222219
2 0.5763888888888888 0.3875 0.18055555555555558 0.10277777777777775
2 0.36527777777777776 0.5263888888888889 0.15833333333333333 0.09722222222222227
3 0.3375 0.3138888888888889 0.13611111111111107 0.07777777777777772
3 0.33611111111111114 0.40555555555555556 0.14444444444444438 0.0888888888888889
3 0.5333333333333333 0.24583333333333332 0.1555555555555556 0.08055555555555555
1 0.3277777777777778 0.16666666666666666 0.12222222222222223 0.07222222222222224
1 0.12222222222222222 0.3111111111111111 0.13333333333333333 0.07777777777777772
