0 0.10555555555555554 0.3819444444444444 0.14444444444444443 0.15555555555555556
0 0.6361111111111111 0.5111111111111111 0.14444444444444438 0.13611111111111107
0 0.7347222222222223 0.4375 0.125 0.1333333333333333
1 0.4666666666666667 0.17777777777777778 0.1333333333333333 0.13333333333333336
1 0.21944444444444444 0.5416666666666666 0.1333333333333333 0.14444444444444438
1 0.5041666666666667 0.6166666666666667 0.13611111111111107 0.1499999999999999
2 0.3902777777777778 0.22916666666666666 0.14166666666666672 0.13611111111111113
2 0.5986111111111111 0.3111111111111111 0.125 0.12222222222222223
2 0.34305555555555556 0.6958333333333333 0.14722222222222225 0.10833333333333339
3 0.24861111111111112 0.31666666666666665 0.13611111111111107 0.15000000000000002
3 0.4027777777777778 0.4361111111111111 0.12777777777777777 0.12777777777777777
3 0.5041666666666667 0.38333333333333336 0.13055555555555554 0.1333333333333333
