0 0.041666666666666664 0.3625 0.08333333333333333 0.11111111111111105
0 0.11666666666666667 0.2902777777777778 0.1388888888888889 0.08333333333333334
0 0.6388888888888888 0.28888888888888886 0.16666666666666674 0.11944444444444446
1 0.22499999999999998 0.20555555555555555 0.1222222222222222 0.08333333333333331
1 0.4722222222222222 0.20972222222222223 0.12222222222222223 0.08055555555555555
1 0.35 0.5652777777777778 0.19999999999999998 0.1694444444444445
2 0.3347222222222222 0.1375 0.11944444444444446 0.07500000000000001
2 0.16111111111111112 0.44999999999999996 0.14999999999999997 0.12222222222222218
2 0.4194444444444444 0.48333333333333334 0.18888888888888883 0.15000000000000002
3 0.2569444444444444 0.3611111111111111 0.14722222222222225 0.11111111111111105
3 0.34444444444444444 0.30694444444444446 0.1333333333333333 0.09722222222222221
3 0.5361111111111111 0.3638888888888889 0.17222222222222228 0.13888888888888895
