0 0.09583333333333333 0.36944444444444446 0.12499999999999999 0.1527777777777778
0 0.5888888888888889 0.5722222222222222 0.13888888888888884 0.13611111111111107
0 0.7027777777777777 0.5138888888888888 0.1166666666666667 0.13611111111111107
1 0.4833333333333333 0.22083333333333333 0.12222222222222218 0.13055555555555554
1 0.1736111111111111 0.5375 0.11944444444444446 0.1416666666666666
1 0.43472222222222223 0.6569444444444444 0.125 0.1527777777777779
2 0.4027777777777778 0.2611111111111111 0.12777777777777777 0.1333333333333333
2 0.24722222222222223 0.7013888888888888 0.1166666666666667 0.09722222222222232
2 0.5888888888888889 0.36944444444444446 0.1166666666666667 0.12777777777777777
3 0.24583333333333332 0.3277777777777778 0.11388888888888887 0.1444444444444445
3 0.37222222222222223 0.4638888888888889 0.11111111111111116 0.12777777777777777
3 0.4819444444444444 0.42777777777777776 0.11944444444444441 0.1333333333333333
