0 0.4736111111111111 0.10277777777777777 0.125 0.0861111111111111
0 0.5361111111111111 0.19166666666666668 0.12222222222222223 0.10833333333333334
0 0.3375 0.6611111111111111 0.18611111111111112 0.15833333333333344
1 0.1375 0.27361111111111114 0.16944444444444445 0.11944444444444446
1 0.625 0.30833333333333335 0.1333333333333333 0.10555555555555551
1 0.5319444444444444 0.5472222222222223 0.1416666666666666 0.12222222222222223
2 0.325 0.18333333333333332 0.1333333333333333 0.10555555555555557
2 0.19027777777777777 0.3541666666666667 0.17500000000000002 0.14166666666666672
2 0.7083333333333334 0.45138888888888884 0.1333333333333333 0.11388888888888887
3 0.39444444444444443 0.2777777777777778 0.13888888888888895 0.11111111111111113
3 0.4375 0.3736111111111111 0.13611111111111107 0.10833333333333339
3 0.2777777777777778 0.5097222222222222 0.17222222222222225 0.1416666666666666
