0 0.11388888888888887 0.4097222222222222 0.18888888888888888 0.14444444444444438
0 0.6527777777777778 0.3263888888888889 0.1333333333333333 0.09444444444444444
0 0.7027777777777777 0.22916666666666666 0.1333333333333333 0.10555555555555557
1 0.3527777777777778 0.08194444444444444 0.1611111111111111 0.11944444444444444
1 0.30972222222222223 0.5083333333333333 0.14722222222222225 0.1166666666666667
1 0.5916666666666667 0.4652777777777778 0.14444444444444438 0.11944444444444446
2 0.5375 0.16527777777777777 0.13611111111111107 0.10833333333333334
2 0.30972222222222223 0.15555555555555556 0.16388888888888886 0.11666666666666668
2 0.5041666666666667 0.6138888888888889 0.15277777777777773 0.1166666666666667
3 0.21944444444444444 0.2916666666666667 0.16666666666666663 0.13888888888888892
3 0.4875 0.25972222222222224 0.14166666666666672 0.10833333333333331
3 0.4222222222222222 0.3416666666666667 0.1333333333333333 0.10555555555555551
