0 0.46944444444444444 0.0625 0.16111111111111115 0.1111111111111111
0 0.25972222222222224 0.49027777777777776 0.15833333333333333 0.1444444444444445
0 0.3416666666666667 0.6083333333333333 0.17222222222222228 0.13611111111111107
1 0.29444444444444445 0.14583333333333334 0.13888888888888892 0.09722222222222221
1 0.7236111111111111 0.3597222222222222 0.19166666666666665 0.14166666666666672
1 0.16944444444444445 0.35555555555555557 0.15555555555555556 0.12222222222222223
2 0.10277777777777777 0.225 0.14999999999999997 0.10555555555555557
2 0.6458333333333334 0.2902777777777778 0.17500000000000004 0.1416666666666667
2 0.5277777777777778 0.48333333333333334 0.16666666666666669 0.13888888888888895
3 0.5347222222222222 0.1638888888888889 0.1694444444444445 0.11666666666666665
3 0.38333333333333336 0.2875 0.1444444444444445 0.10833333333333336
3 0.4361111111111111 0.37916666666666665 0.16111111111111115 0.125
