0 0.044444444444444446 0.4125 0.08888888888888889 0.11111111111111116
0 0.10416666666666667 0.3236111111111111 0.14722222222222223 0.08333333333333337
0 0.6333333333333333 0.26666666666666666 0.16666666666666674 0.1138888888888889
1 0.1972222222222222 0.22361111111111112 0.12777777777777774 0.08055555555555555
1 0.45138888888888884 0.20277777777777778 0.12499999999999994 0.07777777777777778
1 0.3972222222222222 0.5819444444444445 0.2055555555555556 0.16388888888888897
2 0.2986111111111111 0.14027777777777778 0.125 0.06944444444444443
2 0.18611111111111112 0.4819444444444444 0.1611111111111111 0.11944444444444441
2 0.45277777777777783 0.48750000000000004 0.19444444444444448 0.13611111111111113
3 0.2638888888888889 0.3819444444444444 0.15555555555555556 0.10833333333333339
3 0.3416666666666667 0.31527777777777777 0.13888888888888884 0.09166666666666667
3 0.5444444444444444 0.35694444444444445 0.17222222222222228 0.13611111111111107
