0 0.1875 0.6263888888888889 0.16944444444444448 0.09444444444444455
0 0.6125 0.20416666666666666 0.11944444444444446 0.06666666666666665
0 0.6236111111111111 0.3138888888888889 0.13055555555555554 0.0805555555555556
1 0.22777777777777777 0.2125 0.14999999999999997 0.08055555555555555
1 0.6430555555555556 0.4597222222222222 0.13055555555555554 0.06944444444444442
1 0.4222222222222222 0.6236111111111111 0.1333333333333333 0.07499999999999996
2 0.4388888888888889 0.21388888888888888 0.12222222222222223 0.06666666666666665
2 0.23333333333333334 0.3013888888888889 0.15555555555555556 0.0805555555555556
2 0.6402777777777777 0.6305555555555555 0.1416666666666666 0.07777777777777772
3 0.4458333333333334 0.32083333333333336 0.1305555555555556 0.06388888888888888
3 0.43472222222222223 0.4222222222222222 0.13055555555555554 0.06666666666666665
3 0.22083333333333333 0.4666666666666667 0.17500000000000002 0.09444444444444439
