0 0.3333333333333333 0.04791666666666666 0.13888888888888895 0.09583333333333333
0 0.41388888888888886 0.49166666666666664 0.11111111111111116 0.1527777777777778
0 0.5486111111111112 0.5555555555555556 0.1416666666666666 0.15833333333333327
1 0.7138888888888889 0.2013888888888889 0.13888888888888884 0.1527777777777778
1 0.22638888888888886 0.17222222222222222 0.11944444444444444 0.12222222222222223
1 0.24861111111111112 0.41805555555555557 0.13611111111111107 0.14722222222222225
2 0.09722222222222222 0.32916666666666666 0.13333333333333333 0.13611111111111107
2 0.6138888888888889 0.16666666666666666 0.12777777777777777 0.14444444444444443
2 0.6277777777777778 0.3763888888888889 0.12777777777777777 0.14722222222222225
3 0.45 0.1 0.1444444444444445 0.1388888888888889
3 0.39861111111111114 0.2652777777777778 0.11944444444444446 0.125
3 0.49583333333333335 0.32222222222222224 0.13055555555555554 0.13888888888888895
