0 0.12638888888888888 0.4083333333333333 0.14166666666666666 0.08611111111111114
0 0.10555555555555556 0.5263888888888889 0.16111111111111112 0.08333333333333331
0 0.5652777777777778 0.16111111111111112 0.1472222222222222 0.06944444444444448
1 0.3680555555555556 0.16527777777777777 0.11944444444444446 0.05833333333333335
1 0.14305555555555555 0.2763888888888889 0.13055555555555554 0.05833333333333335
1 0.5791666666666667 0.5041666666666667 0.18611111111111112 0.09166666666666662
2 0.17777777777777778 0.1625 0.12222222222222223 0.05277777777777776
2 0.5638888888888889 0.4111111111111111 0.17222222222222228 0.08333333333333337
2 0.3277777777777778 0.5125 0.15000000000000002 0.07499999999999996
3 0.3472222222222222 0.30416666666666664 0.1333333333333333 0.05833333333333335
3 0.325 0.39166666666666666 0.1444444444444445 0.06666666666666665
3 0.55 0.2652777777777778 0.1555555555555555 0.08611111111111114
