0 0.0625 0.4125 0.125 0.10555555555555551
0 0.10694444444444444 0.3111111111111111 0.14722222222222223 0.06944444444444442
0 0.6180555555555556 0.1736111111111111 0.15833333333333321 0.09444444444444444
1 0.4263888888888889 0.1361111111111111 0.125 0.06666666666666665
1 0.1736111111111111 0.19305555555555556 0.13611111111111107 0.07500000000000001
1 0.4875 0.5069444444444444 0.20277777777777783 0.13611111111111107
2 0.2513888888888889 0.09583333333333333 0.125 0.06388888888888887
2 0.24583333333333332 0.4513888888888889 0.16944444444444445 0.10277777777777775
2 0.5152777777777777 0.4125 0.18611111111111112 0.11388888888888893
3 0.29305555555555557 0.3416666666666667 0.15833333333333333 0.09444444444444444
3 0.35 0.2625 0.13888888888888884 0.08055555555555557
3 0.5638888888888889 0.2722222222222222 0.17222222222222228 0.11111111111111108
