0 0.5263888888888889 0.12361111111111112 0.15277777777777785 0.08333333333333331
0 0.16527777777777777 0.4555555555555555 0.15833333333333333 0.11388888888888887
0 0.19027777777777777 0.5805555555555556 0.15833333333333333 0.09722222222222232
1 0.3333333333333333 0.15694444444444444 0.12777777777777777 0.07500000000000001
1 0.1388888888888889 0.3138888888888889 0.1388888888888889 0.0888888888888889
1 0.6513888888888889 0.4583333333333333 0.18611111111111112 0.11111111111111105
2 0.13472222222222222 0.1875 0.1305555555555556 0.07500000000000001
2 0.6055555555555555 0.37222222222222223 0.18333333333333335 0.11111111111111116
2 0.4083333333333333 0.5180555555555556 0.1611111111111111 0.1027777777777778
3 0.5486111111111112 0.22916666666666663 0.15833333333333327 0.09166666666666665
3 0.3597222222222222 0.3055555555555556 0.13611111111111107 0.08333333333333337
3 0.3680555555555556 0.4 0.1527777777777778 0.09444444444444444
