0 0.0625 0.4152777777777778 0.125 0.11111111111111105
0 0.13194444444444445 0.3236111111111111 0.14166666666666666 0.07777777777777783
0 0.6513888888888889 0.25277777777777777 0.16388888888888897 0.10833333333333336
1 0.21944444444444444 0.22083333333333333 0.12777777777777777 0.08055555555555557
1 0.4708333333333333 0.19166666666666668 0.125 0.07222222222222224
1 0.44583333333333336 0.5708333333333333 0.20277777777777783 0.15833333333333327
2 0.3138888888888889 0.1361111111111111 0.12222222222222223 0.07222222222222223
2 0.22916666666666666 0.4805555555555555 0.16388888888888892 0.11666666666666664
2 0.4930555555555556 0.47916666666666674 0.19166666666666665 0.13611111111111113
3 0.2972222222222222 0.37916666666666665 0.15555555555555556 0.10833333333333339
3 0.36944444444444446 0.30972222222222223 0.13888888888888884 0.09166666666666667
