0 0.09166666666666665 0.31805555555555554 0.11111111111111109 0.10555555555555551
0 0.19861111111111107 0.2652777777777778 0.12499999999999997 0.0888888888888889
0 0.7 0.3416666666666667 0.16666666666666674 0.13611111111111107
1 0.32083333333333336 0.20277777777777778 0.10833333333333328 0.08333333333333331
1 0.5583333333333333 0.24027777777777778 0.1166666666666667 0.08611111111111108
1 0.34444444444444444 0.5611111111111111 0.17222222222222228 0.1777777777777778
2 0.44305555555555554 0.15138888888888888 0.10833333333333339 0.07500000000000001
2 0.2013888888888889 0.41944444444444445 0.13055555555555554 0.12222222222222223
2 0.4305555555555556 0.4930555555555556 0.17222222222222228 0.15277777777777773
3 0.3111111111111111 0.3541666666666667 0.12777777777777777 0.11388888888888893
3 0.40694444444444444 0.3125 0.11944444444444446 0.09722222222222221
3 0.5791666666666667 0.4 0.15833333333333344 0.14444444444444438
