0 0.09583333333333334 0.30277777777777776 0.10277777777777777 0.10277777777777775
0 0.20694444444444443 0.25277777777777777 0.125 0.08611111111111114
0 0.7041666666666667 0.34444444444444444 0.16388888888888897 0.13611111111111107
1 0.32916666666666666 0.19444444444444445 0.10277777777777775 0.08333333333333331
1 0.5652777777777778 0.23888888888888887 0.11944444444444446 0.08888888888888888
1 0.33194444444444443 0.5513888888888889 0.16944444444444443 0.17500000000000004
2 0.45555555555555555 0.1486111111111111 0.10555555555555551 0.08055555555555555
2 0.1986111111111111 0.40555555555555556 0.1305555555555556 0.12222222222222223
2 0.4236111111111111 0.4875 0.1694444444444444 0.15833333333333333
3 0.3111111111111111 0.34305555555555556 0.12777777777777777 0.11388888888888893
3 0.4097222222222222 0.3055555555555556 0.11944444444444446 0.09999999999999998
3 0.5763888888888888 0.4 0.15833333333333327 0.14444444444444438
