0 0.4777777777777778 0.06944444444444445 0.1611111111111111 0.10277777777777777
0 0.2222222222222222 0.47777777777777786 0.16666666666666663 0.13611111111111113
0 0.28888888888888886 0.6055555555555555 0.1777777777777778 0.13611111111111107
1 0.29583333333333334 0.14166666666666666 0.13611111111111107 0.09444444444444444
1 0.14722222222222223 0.3402777777777778 0.15555555555555556 0.11388888888888893
1 0.7027777777777777 0.38472222222222224 0.19444444444444442 0.13611111111111107
2 0.09861111111111111 0.20833333333333334 0.14722222222222223 0.10000000000000003
2 0.6319444444444444 0.3055555555555556 0.18055555555555558 0.1333333333333333
2 0.4875 0.4916666666666667 0.1694444444444444 0.13333333333333336
3 0.5319444444444444 0.175 0.1694444444444445 0.1111111111111111
3 0.36944444444444446 0.2861111111111111 0.15000000000000002 0.10555555555555554
3 0.4097222222222222 0.38333333333333336 0.16388888888888886 0.12222222222222223
