0 0.06527777777777778 0.3013888888888889 0.10277777777777777 0.14444444444444446
0 0.5 0.5763888888888888 0.12777777777777777 0.14444444444444438
0 0.6291666666666667 0.5361111111111111 0.10277777777777786 0.13611111111111107
1 0.4736111111111111 0.2152777777777778 0.1027777777777778 0.13055555555555554
1 0.09861111111111111 0.475 0.09722222222222224 0.1333333333333333
1 0.3277777777777778 0.6333333333333333 0.10555555555555551 0.15555555555555545
2 0.38333333333333336 0.24166666666666667 0.11111111111111105 0.13333333333333336
2 0.5472222222222223 0.375 0.10555555555555557 0.12777777777777777
2 0.13472222222222222 0.6722222222222223 0.10833333333333334 0.1499999999999999
3 0.2152777777777778 0.2833333333333333 0.09166666666666667 0.13888888888888887
3 0.30972222222222223 0.43472222222222223 0.09166666666666667 0.13055555555555554
3 0.4263888888888889 0.4166666666666667 0.10277777777777775 0.13888888888888895
