0 0.28194444444444444 0.1 0.10277777777777775 0.11388888888888887
0 0.3861111111111111 0.13472222222222222 0.07777777777777783 0.10555555555555557
0 0.5319444444444444 0.5777777777777777 0.125 0.17500000000000004
1 0.5222222222222223 0.1763888888888889 0.08888888888888885 0.11388888888888887
1 0.6013888888888889 0.39305555555555555 0.08611111111111103 0.125
1 0.12916666666666668 0.4097222222222222 0.14166666666666666 0.1694444444444445
2 0.21944444444444444 0.2361111111111111 0.10555555555555554 0.12222222222222223
2 0.6625 0.2361111111111111 0.08055555555555549 0.1166666666666667
2 0.22499999999999998 0.44166666666666665 0.12777777777777774 0.16666666666666669
3 0.3333333333333333 0.2708333333333333 0.10555555555555551 0.125
3 0.4263888888888889 0.31805555555555554 0.09722222222222221 0.125
3 0.3902777777777778 0.5041666666666667 0.14166666666666672 0.17500000000000004
