0 0.16944444444444445 0.6069444444444444 0.18333333333333335 0.10555555555555562
0 0.6361111111111111 0.23055555555555557 0.12222222222222223 0.08055555555555557
0 0.6361111111111111 0.3375 0.12777777777777777 0.06666666666666665
1 0.25833333333333336 0.20416666666666666 0.15555555555555556 0.09166666666666667
1 0.4 0.6263888888888889 0.13888888888888884 0.07499999999999996
1 0.6388888888888888 0.4847222222222223 0.12777777777777777 0.07500000000000001
2 0.6208333333333333 0.6527777777777778 0.13611111111111107 0.07222222222222219
2 0.4625 0.22361111111111112 0.11944444444444446 0.07500000000000001
2 0.24861111111111112 0.2875 0.15833333333333333 0.08611111111111114
3 0.22083333333333333 0.4513888888888889 0.17500000000000002 0.10277777777777775
3 0.45972222222222225 0.33194444444444443 0.1305555555555556 0.07499999999999996
3 0.43333333333333335 0.42777777777777776 0.1333333333333333 0.07222222222222219
