0 0.4388888888888889 0.04930555555555556 0.12222222222222223 0.09861111111111112
0 0.5208333333333334 0.12638888888888888 0.11388888888888893 0.11666666666666668
0 0.4291666666666666 0.6083333333333333 0.18055555555555552 0.1694444444444445
1 0.14722222222222223 0.275 0.17222222222222222 0.13888888888888887
1 0.6305555555555555 0.21944444444444444 0.12222222222222223 0.11111111111111113
1 0.5916666666666667 0.4638888888888889 0.12777777777777777 0.12777777777777777
2 0.3138888888888889 0.1527777777777778 0.12777777777777777 0.1111111111111111
2 0.7375 0.3416666666666667 0.125 0.12222222222222223
2 0.21944444444444444 0.34305555555555556 0.16666666666666663 0.1527777777777778
3 0.4 0.23194444444444445 0.1333333333333333 0.125
3 0.46111111111111114 0.31527777777777777 0.12777777777777777 0.11944444444444446
3 0.3402777777777778 0.47638888888888886 0.17500000000000004 0.15833333333333338
