0 0.10138888888888889 0.3819444444444444 0.18611111111111112 0.15000000000000002
0 0.6555555555555556 0.3388888888888889 0.13888888888888884 0.10277777777777775
0 0.7152777777777778 0.24166666666666667 0.13611111111111107 0.11388888888888887
1 0.36944444444444446 0.06805555555555554 0.15555555555555556 0.12499999999999999
1 0.2875 0.49722222222222223 0.14722222222222225 0.12777777777777777
1 0.5819444444444445 0.4708333333333333 0.14722222222222214 0.125
2 0.5486111111111112 0.1638888888888889 0.13611111111111107 0.1111111111111111
2 0.32083333333333336 0.14166666666666666 0.16388888888888886 0.12777777777777777
2 0.475 0.6194444444444445 0.1555555555555556 0.12777777777777777
3 0.21666666666666667 0.2708333333333333 0.16666666666666663 0.14722222222222225
3 0.4152777777777778 0.3375 0.14166666666666672 0.11388888888888893
3 0.49166666666666664 0.25833333333333336 0.1444444444444445 0.1166666666666667
