0 0.2222222222222222 0.16666666666666666 0.09999999999999998 0.10833333333333334
0 0.3277777777777778 0.19305555555555556 0.07222222222222219 0.10555555555555557
0 0.4986111111111111 0.6277777777777778 0.11944444444444446 0.17500000000000004
1 0.46805555555555556 0.225 0.08611111111111108 0.1111111111111111
1 0.5569444444444445 0.44027777777777777 0.08055555555555549 0.125
1 0.08194444444444446 0.4861111111111111 0.14166666666666666 0.1611111111111111
2 0.6111111111111112 0.2791666666666667 0.07777777777777772 0.1138888888888889
2 0.16666666666666666 0.3055555555555556 0.10555555555555557 0.12222222222222223
2 0.18194444444444444 0.5111111111111111 0.1305555555555556 0.16666666666666669
3 0.28194444444444444 0.3333333333333333 0.10277777777777775 0.12222222222222223
3 0.3763888888888889 0.3763888888888889 0.09166666666666667 0.11944444444444446
3 0.3541666666666667 0.5666666666666667 0.13055555555555554 0.17222222222222228
