0 0.1125 0.2388888888888889 0.08611111111111111 0.1305555555555556
0 0.4861111111111111 0.5736111111111111 0.11111111111111105 0.14999999999999997
0 0.6291666666666667 0.5555555555555556 0.08055555555555549 0.13611111111111107
1 0.5347222222222222 0.21111111111111108 0.08611111111111108 0.1222222222222222
1 0.11666666666666667 0.4097222222222222 0.07222222222222223 0.125
1 0.30416666666666664 0.6013888888888889 0.0805555555555556 0.14722222222222214
2 0.44027777777777777 0.22499999999999998 0.09166666666666667 0.12777777777777774
2 0.575 0.38055555555555554 0.0888888888888888 0.12222222222222223
2 0.10694444444444444 0.6111111111111112 0.08611111111111111 0.1499999999999999
3 0.2652777777777778 0.24027777777777778 0.08611111111111114 0.1305555555555556
3 0.3277777777777778 0.4041666666666667 0.08333333333333337 0.125
3 0.44722222222222224 0.4 0.0888888888888889 0.1333333333333333
