0 0.06805555555555555 0.4125 0.1361111111111111 0.11111111111111116
0 0.13472222222222222 0.31666666666666665 0.1472222222222222 0.0805555555555556
0 0.6555555555555556 0.22916666666666666 0.1611111111111112 0.10555555555555557
1 0.21666666666666667 0.2111111111111111 0.1333333333333333 0.07777777777777778
1 0.46805555555555556 0.1736111111111111 0.125 0.06944444444444442
1 0.46944444444444444 0.5527777777777778 0.2055555555555555 0.1555555555555555
2 0.3055555555555556 0.12083333333333333 0.12777777777777777 0.06944444444444445
2 0.24305555555555555 0.4708333333333333 0.16388888888888892 0.11388888888888893
2 0.5125 0.4569444444444445 0.19166666666666665 0.1305555555555556
3 0.30694444444444446 0.36527777777777776 0.1527777777777778 0.10277777777777775
3 0.375 0.29305555555555557 0.13888888888888884 0.08611111111111114
3 0.5833333333333334 0.32222222222222224 0.17222222222222228 0.12222222222222223
