0 0.10972222222222222 0.4666666666666667 0.18611111111111112 0.13611111111111107
0 0.6333333333333333 0.3402777777777778 0.12777777777777777 0.08333333333333337
0 0.6708333333333333 0.24027777777777778 0.13055555555555554 0.10000000000000003
1 0.31527777777777777 0.12083333333333333 0.15833333333333333 0.1138888888888889
1 0.5902777777777778 0.48055555555555557 0.14722222222222214 0.11111111111111105
1 0.3138888888888889 0.55 0.15000000000000002 0.11111111111111116
2 0.5013888888888889 0.18888888888888888 0.13055555555555554 0.09999999999999998
2 0.28194444444444444 0.19861111111111107 0.16388888888888886 0.11944444444444444
2 0.5138888888888888 0.6375 0.14999999999999997 0.10833333333333339
3 0.20277777777777778 0.3402777777777778 0.1722222222222222 0.13055555555555554
3 0.4652777777777778 0.2875 0.1416666666666666 0.10277777777777775
3 0.4083333333333333 0.375 0.13888888888888884 0.09999999999999998
