0 0.24722222222222223 0.0763888888888889 0.12222222222222223 0.1333333333333333
0 0.41944444444444445 0.5236111111111111 0.0888888888888889 0.14999999999999997
0 0.5666666666666667 0.5638888888888889 0.1166666666666667 0.15833333333333327
1 0.6527777777777778 0.19444444444444445 0.1166666666666667 0.14999999999999997
1 0.16666666666666666 0.23472222222222222 0.1111111111111111 0.125
1 0.24027777777777776 0.47638888888888886 0.11944444444444444 0.15277777777777785
2 0.5527777777777778 0.175 0.11111111111111116 0.14444444444444443
2 0.06527777777777778 0.4125 0.11944444444444444 0.1416666666666666
2 0.6055555555555555 0.375 0.10555555555555562 0.14444444444444438
3 0.37916666666666665 0.12777777777777777 0.13611111111111107 0.1388888888888889
3 0.35694444444444445 0.2986111111111111 0.10833333333333328 0.13055555555555554
3 0.4666666666666667 0.34305555555555556 0.10555555555555557 0.1416666666666666
