0 0.23333333333333334 0.6291666666666667 0.18333333333333335 0.12222222222222223
0 0.5555555555555556 0.1388888888888889 0.1166666666666667 0.06388888888888888
0 0.5888888888888889 0.24305555555555552 0.1333333333333333 0.09444444444444441
1 0.17638888888888887 0.20277777777777778 0.15277777777777776 0.08333333333333331
1 0.6375 0.37777777777777777 0.13055555555555554 0.07777777777777772
1 0.46111111111111114 0.5819444444444445 0.14444444444444438 0.09166666666666656
2 0.3888888888888889 0.1736111111111111 0.1333333333333333 0.08055555555555555
2 0.2013888888888889 0.29583333333333334 0.16944444444444443 0.10833333333333331
2 0.6722222222222223 0.5458333333333333 0.14444444444444438 0.09722222222222227
3 0.42083333333333334 0.28055555555555556 0.13611111111111107 0.0888888888888889
3 0.42777777777777776 0.38333333333333336 0.1333333333333333 0.0888888888888889
3 0.22916666666666666 0.4652777777777778 0.16388888888888892 0.09722222222222227
