0 0.2847222222222222 0.05555555555555555 0.13055555555555554 0.10833333333333334
0 0.4166666666666667 0.5083333333333333 0.10555555555555551 0.15277777777777773
0 0.5597222222222222 0.5611111111111111 0.13055555555555554 0.16388888888888892
1 0.6861111111111111 0.18888888888888888 0.12777777777777777 0.15000000000000002
1 0.19305555555555556 0.2 0.10833333333333334 0.12777777777777777
1 0.24166666666666667 0.44722222222222224 0.13333333333333336 0.15555555555555556
2 0.6180555555555556 0.3736111111111111 0.11388888888888893 0.14722222222222225
2 0.07916666666666666 0.3680555555555556 0.13055555555555554 0.1416666666666666
2 0.5819444444444445 0.16527777777777777 0.11944444444444446 0.1472222222222222
3 0.4152777777777778 0.10833333333333334 0.13611111111111107 0.1388888888888889
3 0.3763888888888889 0.28055555555555556 0.11388888888888893 0.1333333333333333
3 0.4805555555555555 0.33194444444444443 0.11666666666666664 0.14722222222222225
