0 0.29097222222222224 0.18680555555555556 0.12222222222222223 0.09583333333333333
0 0.3506944444444444 0.45868055555555554 0.13194444444444442 0.1020833333333333
0 0.47395833333333337 0.5458333333333333 0.16458333333333336 0.12777777777777777
2 0.49236111111111114 0.13333333333333333 0.12638888888888888 0.09444444444444444
2 0.6444444444444445 0.18958333333333333 0.14722222222222214 0.12361111111111112
2 0.359375 0.328125 0.12291666666666667 0.09930555555555554
3 0.4965277777777778 0.42951388888888886 0.1569444444444444 0.12291666666666667
3 0.4270833333333333 0.2378472222222222 0.12916666666666665 0.1020833333333333
3 0.35625 0.07013888888888889 0.12083333333333335 0.09166666666666667
1 0.5763888888888888 0.3017361111111111 0.15416666666666673 0.12291666666666667
1 0.21388888888888888 0.2746527777777778 0.1291666666666667 0.09791666666666665
1 0.1875 0.3746527777777778 0.12638888888888888 0.08958333333333335
