0 0.46354166666666663 0.16493055555555555 0.08124999999999999 0.12291666666666667
0 0.30069444444444443 0.39618055555555554 0.09027777777777779 0.13124999999999998
0 0.31527777777777777 0.5472222222222223 0.11111111111111116 0.16666666666666669
2 0.646875 0.2763888888888889 0.08958333333333335 0.1166666666666667
2 0.7125 0.4270833333333333 0.10000000000000009 0.1513888888888889
2 0.40520833333333334 0.3128472222222222 0.07708333333333328 0.12291666666666667
3 0.4204861111111111 0.48680555555555555 0.10486111111111107 0.16249999999999998
3 0.5229166666666667 0.3003472222222222 0.08749999999999997 0.12708333333333333
3 0.5989583333333334 0.13125 0.08958333333333335 0.11805555555555554
1 0.2565972222222222 0.2204861111111111 0.09375 0.12291666666666667
1 0.35 0.171875 0.08194444444444449 0.11319444444444443
1 0.5784722222222223 0.453125 0.10833333333333339 0.15902777777777777
