0 0.5111111111111111 0.171875 0.061111111111111116 0.11319444444444443
0 0.29270833333333335 0.36180555555555555 0.0673611111111111 0.125
0 0.27118055555555554 0.5138888888888888 0.0826388888888889 0.15833333333333327
2 0.6645833333333333 0.32743055555555556 0.0625 0.11875000000000002
2 0.41458333333333336 0.303125 0.0625 0.11736111111111114
2 0.69375 0.49583333333333335 0.0708333333333333 0.1472222222222222
3 0.39131944444444444 0.4826388888888889 0.07986111111111116 0.15416666666666667
3 0.5381944444444444 0.3177083333333333 0.07361111111111107 0.12152777777777779
3 0.65625 0.17222222222222222 0.0708333333333333 0.11666666666666668
1 0.2916666666666667 0.17604166666666668 0.07361111111111107 0.1201388888888889
1 0.39861111111111114 0.14930555555555555 0.0625 0.10833333333333334
1 0.5513888888888889 0.4861111111111111 0.07916666666666661 0.15000000000000002
