0 0.2986111111111111 0.19375 0.12777777777777777 0.10694444444444445
0 0.3190972222222222 0.4753472222222222 0.1284722222222222 0.11875000000000002
0 0.4270833333333333 0.5795138888888889 0.16249999999999998 0.1479166666666667
2 0.5125 0.1701388888888889 0.125 0.10416666666666669
2 0.6541666666666667 0.24618055555555557 0.1499999999999999 0.13541666666666663
2 0.346875 0.3458333333333333 0.12291666666666667 0.11388888888888893
3 0.47152777777777777 0.4701388888888889 0.1569444444444445 0.13749999999999996
3 0.42916666666666664 0.26180555555555557 0.125 0.11250000000000002
3 0.3840277777777778 0.08680555555555555 0.12361111111111112 0.09583333333333333
1 0.5708333333333333 0.34930555555555554 0.15972222222222227 0.1333333333333333
1 0.21180555555555558 0.265625 0.12500000000000003 0.10763888888888887
1 0.16875 0.36527777777777776 0.12777777777777777 0.09999999999999998
