0 0.3277777777777778 0.19618055555555555 0.11944444444444446 0.11874999999999997
0 0.3034722222222222 0.48125000000000007 0.12638888888888888 0.12361111111111117
0 0.39166666666666666 0.6045138888888889 0.15000000000000002 0.16041666666666665
2 0.5458333333333333 0.20520833333333333 0.125 0.11319444444444446
2 0.6708333333333333 0.3055555555555556 0.1416666666666666 0.14166666666666664
2 0.353125 0.3541666666666667 0.11875000000000002 0.11944444444444446
3 0.45 0.49583333333333335 0.15000000000000002 0.15277777777777773
3 0.44548611111111114 0.2847222222222222 0.12152777777777773 0.1166666666666667
3 0.42916666666666664 0.10347222222222222 0.1166666666666667 0.10416666666666669
1 0.5732638888888889 0.39652777777777776 0.1479166666666667 0.14583333333333337
1 0.23055555555555557 0.25729166666666664 0.12083333333333335 0.11736111111111114
1 0.17083333333333334 0.346875 0.12638888888888888 0.11319444444444449
