0 0.6954861111111111 0.32916666666666666 0.1298611111111112 0.08611111111111114
0 0.4506944444444444 0.15138888888888888 0.12638888888888883 0.08333333333333331
0 0.29930555555555555 0.15347222222222223 0.1597222222222222 0.09583333333333333
2 0.5354166666666667 0.25763888888888886 0.12916666666666665 0.0708333333333333
2 0.5708333333333333 0.5138888888888888 0.1416666666666666 0.08333333333333331
2 0.39479166666666665 0.5708333333333333 0.16041666666666665 0.09722222222222232
3 0.3524305555555556 0.26180555555555557 0.16180555555555554 0.09166666666666667
3 0.5486111111111112 0.3802083333333333 0.13055555555555554 0.08680555555555558
3 0.73125 0.4777777777777778 0.12916666666666665 0.09166666666666667
1 0.6326388888888889 0.11979166666666667 0.125 0.0826388888888889
1 0.6878472222222223 0.2142361111111111 0.12291666666666656 0.07708333333333334
1 0.37222222222222223 0.4201388888888889 0.16249999999999998 0.10833333333333328
