0 0.6083333333333333 0.22951388888888888 0.10000000000000009 0.13125000000000003
0 0.3159722222222222 0.2815972222222222 0.10555555555555551 0.13124999999999998
0 0.21597222222222223 0.39479166666666665 0.14583333333333337 0.16736111111111107
2 0.4552083333333333 0.2951388888888889 0.11041666666666661 0.12916666666666665
2 0.6635416666666667 0.4461805555555556 0.10624999999999996 0.13541666666666669
2 0.5916666666666667 0.60625 0.1416666666666666 0.16805555555555562
3 0.33576388888888886 0.4305555555555556 0.13263888888888886 0.15833333333333327
3 0.553125 0.36909722222222224 0.1020833333333333 0.13124999999999998
3 0.7350694444444444 0.3072916666666667 0.09236111111111112 0.12430555555555556
1 0.41597222222222224 0.12361111111111112 0.09999999999999998 0.11666666666666668
1 0.5201388888888889 0.15069444444444444 0.10833333333333339 0.12083333333333335
1 0.4722222222222222 0.521875 0.1416666666666666 0.17013888888888884
