0 0.5802083333333333 0.16180555555555556 0.07708333333333339 0.12083333333333335
0 0.3138888888888889 0.28680555555555554 0.08333333333333337 0.12916666666666665
0 0.2513888888888889 0.4222222222222222 0.1138888888888889 0.16666666666666663
2 0.6895833333333333 0.35625 0.08749999999999991 0.12361111111111112
2 0.44930555555555557 0.2625 0.08333333333333337 0.12361111111111112
2 0.6645833333333333 0.5222222222222223 0.1166666666666667 0.16666666666666669
3 0.37569444444444444 0.4263888888888889 0.10972222222222228 0.15833333333333333
3 0.5642361111111112 0.30868055555555557 0.08263888888888893 0.12708333333333333
3 0.7208333333333333 0.2013888888888889 0.06666666666666665 0.1166666666666667
1 0.36666666666666664 0.10729166666666666 0.07361111111111107 0.11597222222222223
1 0.47638888888888886 0.11215277777777778 0.08749999999999997 0.12291666666666665
1 0.5295138888888888 0.475 0.10624999999999996 0.15972222222222215
