0 0.6375 0.29305555555555557 0.1333333333333333 0.10833333333333331
0 0.3590277777777778 0.18680555555555556 0.1347222222222222 0.10416666666666669
0 0.21180555555555555 0.22847222222222222 0.16805555555555557 0.1291666666666667
2 0.46944444444444444 0.265625 0.13055555555555554 0.09930555555555554
2 0.5708333333333333 0.5045138888888889 0.1416666666666666 0.11458333333333331
2 0.42291666666666666 0.6055555555555555 0.17083333333333328 0.1333333333333333
3 0.2951388888888889 0.3190972222222222 0.1597222222222222 0.12708333333333333
3 0.5145833333333333 0.3815972222222222 0.12916666666666665 0.10624999999999996
3 0.7131944444444445 0.4232638888888889 0.12638888888888888 0.10624999999999996
1 0.5284722222222222 0.10104166666666667 0.125 0.10486111111111113
1 0.6034722222222222 0.18020833333333333 0.125 0.10347222222222224
1 0.3576388888888889 0.46944444444444444 0.16666666666666663 0.1416666666666666
