0 0.5986111111111111 0.2708333333333333 0.11388888888888893 0.13055555555555554
0 0.30277777777777776 0.26805555555555555 0.13194444444444442 0.125
0 0.17777777777777776 0.36180555555555555 0.15416666666666665 0.16249999999999998
2 0.4322916666666667 0.30833333333333335 0.12708333333333333 0.12222222222222223
2 0.6111111111111112 0.4951388888888889 0.12222222222222223 0.1333333333333333
2 0.5090277777777777 0.6420138888888889 0.15972222222222215 0.1645833333333333
3 0.2902777777777778 0.421875 0.1527777777777778 0.16319444444444442
3 0.51875 0.3993055555555556 0.12083333333333335 0.125
3 0.7145833333333333 0.3680555555555556 0.10416666666666674 0.125
1 0.40555555555555556 0.5402777777777777 0.15416666666666667 0.16666666666666669
1 0.5274305555555555 0.18020833333333333 0.11874999999999997 0.11319444444444443
1 0.42743055555555554 0.13402777777777777 0.11458333333333337 0.11249999999999999
