0 0.265625 0.29618055555555556 0.11319444444444446 0.06458333333333333
0 0.42916666666666664 0.5149305555555556 0.1166666666666667 0.06041666666666662
0 0.5725694444444445 0.5416666666666666 0.14930555555555558 0.08611111111111108
2 0.5850694444444444 0.15347222222222223 0.14236111111111116 0.07916666666666666
2 0.4270833333333333 0.16284722222222223 0.11250000000000004 0.05625000000000002
2 0.38333333333333336 0.39375 0.1166666666666667 0.06527777777777777
3 0.5489583333333333 0.43159722222222224 0.14375000000000004 0.08125000000000004
3 0.40902777777777777 0.28541666666666665 0.11527777777777781 0.05972222222222223
3 0.2795138888888889 0.165625 0.11180555555555557 0.05902777777777779
1 0.56875 0.2809027777777778 0.13888888888888884 0.07708333333333331
1 0.23333333333333334 0.40208333333333335 0.11527777777777781 0.061111111111111116
1 0.2503472222222222 0.5038194444444445 0.11041666666666669 0.05624999999999997
