0 0.3958333333333333 0.17083333333333334 0.10833333333333328 0.12222222222222223
0 0.3055555555555556 0.4420138888888889 0.1138888888888889 0.13124999999999998
0 0.36666666666666664 0.5833333333333334 0.14166666666666672 0.1694444444444445
2 0.6052083333333333 0.22638888888888886 0.11041666666666661 0.12499999999999997
2 0.7125 0.35347222222222224 0.1333333333333333 0.16249999999999998
2 0.384375 0.32743055555555556 0.10624999999999996 0.12708333333333333
3 0.45 0.48993055555555554 0.14166666666666672 0.1645833333333333
3 0.4913194444444444 0.28368055555555555 0.11319444444444443 0.12708333333333333
3 0.515625 0.10138888888888889 0.11458333333333331 0.10833333333333334
1 0.2076388888888889 0.28402777777777777 0.11666666666666664 0.12083333333333335
1 0.28680555555555554 0.20729166666666668 0.10416666666666666 0.1159722222222222
1 0.5920138888888888 0.4152777777777778 0.1395833333333334 0.15833333333333333
