0 0.425 0.16944444444444445 0.10833333333333328 0.125
0 0.3159722222222222 0.43368055555555557 0.10555555555555551 0.13541666666666663
0 0.36666666666666664 0.5770833333333333 0.1333333333333333 0.17361111111111116
2 0.6298611111111111 0.23993055555555554 0.10694444444444451 0.12291666666666665
2 0.7284722222222222 0.3701388888888889 0.12083333333333335 0.15416666666666667
2 0.4 0.3260416666666667 0.09999999999999998 0.1284722222222222
3 0.45763888888888893 0.49166666666666664 0.1291666666666667 0.15555555555555556
3 0.5135416666666667 0.2857638888888889 0.11041666666666661 0.12291666666666667
3 0.55 0.1065972222222222 0.10833333333333339 0.11041666666666665
1 0.31180555555555556 0.19895833333333332 0.09583333333333333 0.1159722222222222
1 0.2326388888888889 0.2673611111111111 0.10833333333333331 0.12083333333333335
1 0.6024305555555556 0.4267361111111111 0.1312500000000001 0.1645833333333333
