0 0.5381944444444444 0.15902777777777777 0.06805555555555554 0.12083333333333335
0 0.2857638888888889 0.30833333333333335 0.0784722222222222 0.12222222222222223
0 0.23229166666666667 0.44895833333333335 0.1048611111111111 0.16736111111111107
2 0.6614583333333334 0.3440972222222222 0.07291666666666674 0.12708333333333333
2 0.6583333333333333 0.5159722222222223 0.10000000000000009 0.16250000000000003
2 0.41875 0.27361111111111114 0.07916666666666672 0.125
3 0.35694444444444445 0.44513888888888886 0.10277777777777775 0.15416666666666662
3 0.5388888888888889 0.30972222222222223 0.07499999999999996 0.125
3 0.6809027777777777 0.18784722222222222 0.06597222222222232 0.11458333333333331
1 0.31875 0.12430555555555556 0.061111111111111116 0.11666666666666668
1 0.4309027777777778 0.11770833333333333 0.07291666666666663 0.11319444444444443
1 0.5159722222222223 0.47881944444444446 0.09583333333333338 0.16041666666666665
