0 0.615625 0.2826388888888889 0.12291666666666656 0.12083333333333335
0 0.32013888888888886 0.22291666666666668 0.12638888888888888 0.11527777777777776
0 0.18333333333333332 0.29409722222222223 0.16388888888888892 0.15208333333333335
2 0.44652777777777786 0.28368055555555555 0.13194444444444448 0.11041666666666669
2 0.5854166666666667 0.5003472222222223 0.12916666666666665 0.12708333333333327
2 0.45694444444444443 0.6277777777777778 0.17222222222222217 0.14861111111111103
3 0.2847222222222222 0.3701388888888889 0.16388888888888886 0.1416666666666666
3 0.5069444444444444 0.3951388888888889 0.12777777777777777 0.12083333333333335
3 0.7097222222222223 0.3940972222222222 0.1166666666666667 0.11875000000000002
1 0.3729166666666667 0.5038194444444445 0.1694444444444445 0.15625
1 0.55625 0.17777777777777778 0.12222222222222223 0.10833333333333334
1 0.4722222222222222 0.115625 0.12083333333333335 0.11597222222222221
