0 0.459375 0.16875 0.09375 0.12361111111111112
0 0.31354166666666666 0.4079861111111111 0.09513888888888888 0.12708333333333333
0 0.34375 0.5579861111111111 0.12083333333333335 0.1645833333333333
2 0.6538194444444444 0.2590277777777778 0.09791666666666665 0.1166666666666667
2 0.7288194444444445 0.4065972222222222 0.10486111111111107 0.15208333333333335
2 0.4131944444444444 0.31805555555555554 0.08472222222222225 0.125
3 0.44375 0.4878472222222222 0.11250000000000004 0.16041666666666665
3 0.5322916666666667 0.29409722222222223 0.1020833333333333 0.12708333333333333
3 0.5923611111111111 0.12430555555555556 0.0986111111111112 0.11249999999999999
1 0.3472222222222222 0.18090277777777777 0.08750000000000002 0.11874999999999998
1 0.25972222222222224 0.23645833333333333 0.09583333333333333 0.12569444444444444
1 0.5961805555555556 0.4444444444444444 0.11874999999999991 0.15833333333333327
