0 0.36666666666666664 0.18263888888888888 0.1166666666666667 0.12083333333333335
0 0.296875 0.45972222222222225 0.11736111111111114 0.13333333333333336
0 0.36666666666666664 0.5944444444444444 0.15000000000000002 0.16666666666666674
2 0.5770833333333333 0.22430555555555554 0.11250000000000004 0.12083333333333332
2 0.6881944444444444 0.34305555555555556 0.1347222222222222 0.15000000000000002
2 0.3642361111111111 0.3416666666666667 0.10763888888888884 0.12777777777777777
3 0.4427083333333333 0.49583333333333335 0.13958333333333328 0.1555555555555555
3 0.46770833333333334 0.2899305555555556 0.11875000000000002 0.11875000000000002
3 0.4777777777777778 0.10520833333333333 0.11111111111111105 0.11319444444444446
1 0.5760416666666667 0.41423611111111114 0.14097222222222228 0.15208333333333335
1 0.25972222222222224 0.2270833333333333 0.10416666666666666 0.11944444444444444
1 0.18888888888888888 0.3059027777777778 0.1166666666666667 0.11875000000000002
