0 0.609375 0.18229166666666666 0.08958333333333335 0.12569444444444444
0 0.3333333333333333 0.28125 0.09583333333333333 0.13194444444444442
0 0.2569444444444444 0.4076388888888889 0.12777777777777777 0.1708333333333334
2 0.7006944444444444 0.38263888888888886 0.09027777777777768 0.13749999999999996
2 0.4725694444444445 0.27118055555555554 0.09930555555555559 0.12708333333333333
2 0.6625 0.5503472222222222 0.125 0.16874999999999996
3 0.38333333333333336 0.425 0.1166666666666667 0.1611111111111111
3 0.5791666666666667 0.32708333333333334 0.09583333333333344 0.13194444444444442
3 0.7475694444444444 0.2326388888888889 0.07569444444444451 0.12083333333333335
1 0.4041666666666667 0.109375 0.08472222222222225 0.1201388888888889
1 0.5104166666666666 0.12048611111111111 0.08888888888888885 0.12291666666666665
1 0.528125 0.4861111111111111 0.12013888888888885 0.17083333333333328
