0 0.27569444444444446 0.33958333333333335 0.11527777777777781 0.06527777777777777
0 0.4635416666666667 0.540625 0.11875000000000002 0.0673611111111112
0 0.6114583333333333 0.5555555555555556 0.14375000000000004 0.08333333333333326
2 0.5777777777777777 0.1638888888888889 0.13611111111111107 0.0625
2 0.4215277777777778 0.18888888888888888 0.11527777777777781 0.05833333333333335
2 0.40625 0.4232638888888889 0.11250000000000004 0.05625000000000002
3 0.5746527777777778 0.4420138888888889 0.1465277777777778 0.08125000000000004
3 0.4152777777777778 0.3107638888888889 0.11388888888888893 0.06874999999999998
3 0.27291666666666664 0.209375 0.10694444444444443 0.07013888888888892
1 0.5760416666666667 0.28958333333333336 0.14236111111111116 0.08055555555555557
1 0.253125 0.4465277777777778 0.11180555555555557 0.0625
1 0.2815972222222222 0.5489583333333333 0.11458333333333334 0.07569444444444451
