0 0.28368055555555555 0.375 0.11597222222222225 0.07222222222222219
0 0.4902777777777777 0.5552083333333333 0.12222222222222218 0.07986111111111116
0 0.6364583333333333 0.5583333333333333 0.15208333333333335 0.09444444444444455
2 0.5677083333333334 0.17395833333333333 0.1395833333333334 0.07430555555555557
2 0.415625 0.21458333333333332 0.11458333333333337 0.06805555555555554
2 0.42083333333333334 0.44722222222222224 0.1166666666666667 0.06666666666666665
3 0.5895833333333333 0.4461805555555556 0.14583333333333326 0.08958333333333335
3 0.4215277777777778 0.33055555555555555 0.11527777777777781 0.07499999999999996
3 0.2701388888888889 0.24375 0.11250000000000002 0.08194444444444443
1 0.5777777777777777 0.2986111111111111 0.14583333333333326 0.09166666666666667
1 0.27291666666666664 0.48402777777777783 0.11111111111111108 0.07083333333333336
1 0.30868055555555557 0.5819444444444445 0.11875000000000002 0.08333333333333326
