0 0.2847222222222222 0.20208333333333334 0.125 0.09027777777777779
0 0.36354166666666665 0.46805555555555556 0.12708333333333333 0.10000000000000003
0 0.48854166666666665 0.5479166666666667 0.16041666666666665 0.12361111111111112
2 0.4819444444444445 0.13576388888888888 0.12777777777777782 0.08958333333333335
2 0.6333333333333333 0.18055555555555555 0.1499999999999999 0.10833333333333334
2 0.3611111111111111 0.3368055555555556 0.12777777777777777 0.09583333333333333
3 0.5072916666666667 0.428125 0.16041666666666665 0.11597222222222225
3 0.4197916666666667 0.24097222222222223 0.12291666666666667 0.08749999999999997
3 0.3388888888888889 0.08159722222222222 0.1166666666666667 0.08541666666666667
1 0.5743055555555555 0.2965277777777778 0.15416666666666662 0.11250000000000002
1 0.21250000000000002 0.29270833333333335 0.12361111111111114 0.09513888888888888
1 0.19270833333333331 0.39479166666666665 0.12430555555555553 0.08402777777777781
