0 0.6614583333333334 0.3076388888888889 0.12708333333333344 0.09583333333333333
0 0.39895833333333336 0.16145833333333334 0.13124999999999998 0.09097222222222223
0 0.24930555555555556 0.18333333333333332 0.16388888888888886 0.11944444444444446
2 0.4986111111111111 0.25625 0.12777777777777777 0.08472222222222225
2 0.5597222222222222 0.5104166666666666 0.1416666666666666 0.10138888888888892
2 0.3958333333333333 0.5847222222222223 0.17499999999999993 0.1166666666666667
3 0.31527777777777777 0.28125 0.16944444444444448 0.10694444444444443
3 0.5229166666666667 0.37604166666666666 0.13749999999999996 0.09652777777777777
3 0.7177083333333333 0.4534722222222222 0.12708333333333344 0.10416666666666663
1 0.5770833333333333 0.10798611111111112 0.13055555555555554 0.09375
1 0.6434027777777778 0.1954861111111111 0.1312500000000001 0.08402777777777776
1 0.35625 0.44027777777777777 0.1694444444444444 0.125
