0 0.2920138888888889 0.3909722222222222 0.12430555555555556 0.07916666666666672
0 0.6618055555555555 0.534375 0.15416666666666679 0.10347222222222219
0 0.5131944444444444 0.5510416666666667 0.12361111111111112 0.08819444444444446
2 0.40694444444444444 0.21770833333333334 0.11388888888888893 0.07986111111111108
2 0.5506944444444445 0.1607638888888889 0.1430555555555555 0.08541666666666665
2 0.434375 0.44930555555555557 0.11875000000000002 0.07916666666666672
3 0.26319444444444445 0.26145833333333335 0.11527777777777781 0.09236111111111112
3 0.42256944444444444 0.33541666666666664 0.12430555555555556 0.08472222222222225
3 0.6048611111111111 0.43368055555555557 0.14861111111111103 0.1020833333333333
1 0.5756944444444444 0.28541666666666665 0.14861111111111103 0.10138888888888886
1 0.2916666666666667 0.49930555555555556 0.11111111111111108 0.07916666666666661
1 0.33819444444444446 0.5930555555555556 0.11805555555555558 0.09166666666666656
