0 0.5131944444444444 0.16701388888888888 0.06527777777777777 0.11458333333333331
0 0.2743055555555556 0.34097222222222223 0.06805555555555554 0.12083333333333335
0 0.2378472222222222 0.4857638888888889 0.09097222222222223 0.16041666666666665
2 0.6572916666666667 0.3388888888888889 0.06041666666666656 0.125
2 0.6625 0.5104166666666666 0.09166666666666656 0.1569444444444444
2 0.40625 0.290625 0.0708333333333333 0.12430555555555556
3 0.3611111111111111 0.4666666666666667 0.0805555555555556 0.1555555555555556
3 0.5239583333333333 0.31875 0.06875000000000003 0.11805555555555558
3 0.6614583333333334 0.18229166666666666 0.06875000000000009 0.1076388888888889
1 0.29444444444444445 0.15520833333333334 0.0625 0.11180555555555555
1 0.4 0.1361111111111111 0.06805555555555554 0.11666666666666665
1 0.5222222222222223 0.4861111111111111 0.07916666666666661 0.15833333333333333
