0 0.6263888888888889 0.2826388888888889 0.125 0.11250000000000002
0 0.3402777777777778 0.2 0.12777777777777777 0.1138888888888889
0 0.1954861111111111 0.2586805555555556 0.17152777777777778 0.13958333333333336
2 0.459375 0.2701388888888889 0.13125000000000003 0.10416666666666666
2 0.578125 0.5 0.13541666666666674 0.11111111111111116
2 0.43854166666666666 0.6118055555555556 0.16875000000000007 0.1416666666666666
3 0.2878472222222222 0.3388888888888889 0.1659722222222222 0.1333333333333333
3 0.5111111111111111 0.375 0.13055555555555554 0.11388888888888893
3 0.7125 0.4041666666666667 0.125 0.11111111111111116
1 0.49722222222222223 0.10277777777777777 0.12083333333333335 0.10833333333333334
1 0.5815972222222222 0.17395833333333333 0.12291666666666656 0.1076388888888889
1 0.36770833333333336 0.4809027777777778 0.16736111111111107 0.1479166666666667
