0 0.6145833333333334 0.2076388888888889 0.09583333333333344 0.1291666666666667
0 0.3298611111111111 0.2833333333333333 0.10138888888888886 0.12777777777777777
0 0.2420138888888889 0.40208333333333335 0.13263888888888892 0.16527777777777775
2 0.4677083333333334 0.28541666666666665 0.10625000000000001 0.12638888888888888
2 0.6875 0.4166666666666667 0.10000000000000009 0.13888888888888895
2 0.6291666666666667 0.5822916666666667 0.1333333333333333 0.16736111111111107
3 0.3645833333333333 0.43125 0.12916666666666665 0.16805555555555562
3 0.5694444444444444 0.34930555555555554 0.10277777777777786 0.12916666666666665
3 0.7479166666666667 0.26944444444444443 0.08749999999999991 0.1166666666666667
1 0.5024305555555556 0.509375 0.13541666666666669 0.17152777777777772
1 0.5208333333333334 0.1371527777777778 0.09861111111111115 0.11875000000000001
1 0.41354166666666664 0.12152777777777778 0.09236111111111112 0.12083333333333332
