0 0.48333333333333334 0.16805555555555557 0.08333333333333337 0.125
0 0.3 0.38472222222222224 0.0805555555555556 0.125
0 0.3055555555555556 0.5333333333333333 0.09722222222222221 0.16111111111111115
2 0.659375 0.29375 0.08125000000000004 0.11805555555555558
2 0.7104166666666667 0.44930555555555557 0.08749999999999991 0.15000000000000002
2 0.41458333333333336 0.3076388888888889 0.0708333333333333 0.12083333333333335
3 0.4173611111111111 0.48125 0.0986111111111111 0.15694444444444444
3 0.5333333333333333 0.30104166666666665 0.08333333333333331 0.1201388888888889
3 0.6229166666666667 0.1440972222222222 0.08749999999999991 0.11041666666666666
1 0.27291666666666664 0.2048611111111111 0.08611111111111114 0.12083333333333335
1 0.37222222222222223 0.16319444444444445 0.07499999999999996 0.11666666666666665
1 0.5763888888888888 0.46215277777777786 0.10416666666666674 0.16458333333333336
