0 0.70625 0.33368055555555554 0.12916666666666665 0.0854166666666667
0 0.4652777777777778 0.14895833333333333 0.12777777777777777 0.07569444444444445
0 0.3125 0.14791666666666667 0.1611111111111111 0.09305555555555556
2 0.5486111111111112 0.2586805555555556 0.12777777777777777 0.06874999999999998
2 0.5729166666666666 0.5170138888888889 0.13749999999999996 0.0854166666666667
2 0.39791666666666664 0.5763888888888888 0.16666666666666663 0.10000000000000009
3 0.74375 0.48541666666666666 0.12916666666666665 0.09305555555555556
3 0.5576388888888889 0.38055555555555554 0.13749999999999996 0.08750000000000002
3 0.3645833333333333 0.25625 0.16249999999999998 0.09027777777777779
1 0.6513888888888889 0.12361111111111112 0.12083333333333335 0.08333333333333331
1 0.7024305555555556 0.21840277777777778 0.12291666666666656 0.07291666666666666
1 0.3815972222222222 0.4173611111111111 0.16875000000000007 0.10416666666666663
