0 0.6027777777777777 0.27847222222222223 0.11944444444444446 0.125
0 0.30451388888888886 0.24930555555555556 0.12430555555555556 0.12083333333333335
0 0.17048611111111112 0.33368055555555554 0.1645833333333333 0.16041666666666665
2 0.434375 0.2986111111111111 0.12291666666666667 0.1166666666666667
2 0.59375 0.5045138888888889 0.12916666666666665 0.12291666666666662
2 0.4760416666666667 0.6413194444444444 0.1604166666666667 0.15486111111111112
3 0.27534722222222224 0.40034722222222224 0.15347222222222223 0.1479166666666667
3 0.5083333333333333 0.3972222222222222 0.125 0.125
3 0.7069444444444445 0.3875 0.11388888888888893 0.13055555555555554
1 0.44305555555555554 0.1267361111111111 0.12083333333333335 0.11875000000000001
1 0.5368055555555555 0.18194444444444444 0.1166666666666667 0.11666666666666665
1 0.3795138888888889 0.5270833333333333 0.16041666666666665 0.16388888888888892
