0 0.27395833333333336 0.21805555555555556 0.12152777777777779 0.08333333333333334
0 0.3736111111111111 0.47430555555555554 0.12777777777777777 0.09166666666666662
0 0.5020833333333333 0.5409722222222222 0.16250000000000003 0.11250000000000004
2 0.46805555555555556 0.13472222222222222 0.125 0.08333333333333331
2 0.625 0.1701388888888889 0.1499999999999999 0.10416666666666669
2 0.3625 0.34305555555555556 0.125 0.09583333333333333
3 0.5131944444444444 0.4222222222222222 0.1569444444444444 0.10833333333333328
3 0.4152777777777778 0.24513888888888888 0.12777777777777777 0.08749999999999997
3 0.32534722222222223 0.0920138888888889 0.11597222222222225 0.06874999999999999
1 0.21388888888888885 0.3090277777777778 0.12083333333333332 0.07916666666666661
1 0.1989583333333333 0.4111111111111111 0.12152777777777776 0.07499999999999996
1 0.571875 0.2881944444444444 0.15069444444444446 0.10416666666666666
