0 0.26944444444444443 0.23159722222222223 0.11944444444444446 0.08125000000000002
0 0.3819444444444444 0.47847222222222224 0.12777777777777777 0.08750000000000002
0 0.5145833333333333 0.5430555555555555 0.16250000000000003 0.10833333333333339
2 0.4579861111111111 0.13680555555555557 0.12152777777777773 0.07916666666666666
2 0.615625 0.16180555555555556 0.1479166666666667 0.10416666666666669
2 0.3645833333333333 0.3524305555555556 0.12083333333333335 0.0854166666666667
3 0.51875 0.4253472222222222 0.15416666666666673 0.10624999999999996
3 0.41458333333333336 0.25104166666666666 0.12083333333333335 0.08680555555555558
3 0.3111111111111111 0.10104166666666667 0.11944444444444446 0.06180555555555556
1 0.21388888888888885 0.32395833333333335 0.12083333333333332 0.08263888888888893
1 0.20555555555555555 0.4288194444444444 0.12083333333333335 0.07291666666666663
1 0.5701388888888889 0.28402777777777777 0.14999999999999997 0.09583333333333333
