0 0.27118055555555554 0.32013888888888886 0.10763888888888887 0.054166666666666696
0 0.44861111111111107 0.5274305555555555 0.11388888888888887 0.06458333333333338
0 0.59375 0.5493055555555556 0.14583333333333326 0.07916666666666661
2 0.58125 0.15833333333333333 0.13749999999999996 0.06944444444444443
2 0.42291666666666666 0.17708333333333334 0.11250000000000004 0.056944444444444464
2 0.39375 0.4097222222222222 0.11250000000000004 0.05833333333333335
3 0.5642361111111112 0.43680555555555556 0.14236111111111116 0.0708333333333333
3 0.4111111111111111 0.29930555555555555 0.11388888888888893 0.0625
3 0.27534722222222224 0.1857638888888889 0.10763888888888892 0.060416666666666674
1 0.2423611111111111 0.42777777777777776 0.10833333333333334 0.05833333333333335
1 0.2659722222222222 0.5260416666666666 0.11250000000000002 0.07013888888888892
1 0.5722222222222222 0.2847222222222222 0.13749999999999996 0.0708333333333333
