0 0.6041666666666666 0.25104166666666666 0.10833333333333339 0.1284722222222222
0 0.30868055555555557 0.27847222222222223 0.11597222222222225 0.12916666666666665
0 0.1947916666666667 0.38229166666666664 0.15486111111111114 0.1659722222222222
2 0.44375 0.30416666666666664 0.12083333333333335 0.12777777777777777
2 0.6364583333333333 0.47604166666666664 0.11458333333333326 0.1381944444444444
2 0.5510416666666667 0.6246527777777777 0.15208333333333335 0.16319444444444442
3 0.31180555555555556 0.42743055555555554 0.14305555555555552 0.1479166666666667
3 0.534375 0.38645833333333335 0.11041666666666661 0.12569444444444444
3 0.7239583333333334 0.33958333333333335 0.1020833333333333 0.12638888888888888
1 0.4375 0.5340277777777778 0.15138888888888885 0.1708333333333334
1 0.5239583333333333 0.16944444444444445 0.11180555555555555 0.11666666666666668
1 0.42291666666666666 0.13125 0.10277777777777775 0.11944444444444446
