0 0.64375 0.3076388888888889 0.12916666666666665 0.10416666666666663
0 0.37083333333333335 0.17604166666666668 0.1333333333333333 0.09652777777777777
0 0.22395833333333334 0.20833333333333331 0.17152777777777778 0.1222222222222222
2 0.47604166666666664 0.2670138888888889 0.13124999999999998 0.09375
2 0.5583333333333333 0.5145833333333333 0.1416666666666666 0.10972222222222228
2 0.40208333333333335 0.6020833333333333 0.1708333333333334 0.12361111111111112
3 0.3003472222222222 0.30416666666666664 0.1659722222222222 0.1138888888888889
3 0.5152777777777777 0.3819444444444444 0.14027777777777772 0.1069444444444444
3 0.7114583333333333 0.44166666666666665 0.12708333333333321 0.11388888888888893
1 0.5493055555555556 0.10902777777777778 0.125 0.10416666666666669
1 0.6170138888888889 0.190625 0.12291666666666656 0.09097222222222223
1 0.35208333333333336 0.4600694444444444 0.1694444444444444 0.13541666666666669
