0 0.34270833333333334 0.19305555555555556 0.11875000000000002 0.11666666666666664
0 0.29305555555555557 0.4708333333333333 0.12222222222222223 0.12777777777777777
0 0.37222222222222223 0.6 0.15000000000000002 0.16388888888888897
2 0.5548611111111111 0.21597222222222223 0.11527777777777781 0.12083333333333335
2 0.6760416666666667 0.3229166666666667 0.13541666666666674 0.14861111111111114
2 0.35208333333333336 0.35138888888888886 0.11250000000000004 0.12083333333333335
3 0.43923611111111105 0.49826388888888884 0.1506944444444444 0.15624999999999994
3 0.4520833333333333 0.29097222222222224 0.12083333333333329 0.12083333333333335
3 0.44999999999999996 0.10659722222222222 0.11249999999999999 0.10208333333333333
1 0.5701388888888889 0.4083333333333333 0.14999999999999997 0.14861111111111114
1 0.240625 0.24479166666666666 0.11180555555555555 0.1159722222222222
1 0.17326388888888888 0.3298611111111111 0.12291666666666667 0.11250000000000004
