0 0.3128472222222222 0.19930555555555557 0.12430555555555556 0.11250000000000002
0 0.31145833333333334 0.48472222222222217 0.1298611111111111 0.11666666666666664
0 0.40625 0.6 0.16249999999999998 0.15555555555555567
2 0.525 0.19409722222222223 0.125 0.11458333333333331
2 0.6631944444444444 0.2826388888888889 0.1430555555555555 0.14583333333333337
2 0.34791666666666665 0.35659722222222223 0.12083333333333335 0.11875000000000002
3 0.4614583333333333 0.48541666666666666 0.15624999999999994 0.1430555555555556
3 0.4371527777777778 0.2791666666666667 0.1298611111111111 0.11111111111111113
3 0.40625 0.10347222222222222 0.12083333333333335 0.10416666666666669
1 0.5708333333333333 0.3767361111111111 0.15138888888888885 0.13958333333333328
1 0.22083333333333333 0.2677083333333333 0.11805555555555558 0.11180555555555557
1 0.16805555555555557 0.36180555555555555 0.12916666666666665 0.10833333333333328
