0 0.2565972222222222 0.2604166666666667 0.11180555555555557 0.0736111111111111
0 0.39861111111111114 0.49895833333333334 0.11944444444444446 0.07430555555555551
0 0.5385416666666667 0.5472222222222223 0.15625 0.10000000000000003
2 0.5947916666666667 0.15729166666666666 0.1479166666666667 0.09097222222222223
2 0.43506944444444445 0.14618055555555556 0.11736111111111114 0.06875000000000002
2 0.3645833333333333 0.37430555555555556 0.12083333333333335 0.07916666666666661
3 0.5291666666666667 0.4305555555555556 0.14999999999999997 0.09166666666666667
3 0.4048611111111111 0.26493055555555556 0.11805555555555558 0.06874999999999998
3 0.2857638888888889 0.1326388888888889 0.10763888888888892 0.054166666666666655
1 0.5638888888888889 0.28402777777777777 0.14583333333333331 0.08750000000000002
1 0.21284722222222222 0.3625 0.11458333333333331 0.06805555555555554
1 0.21770833333333334 0.46631944444444445 0.11597222222222225 0.06458333333333333
