0 0.45486111111111116 0.22638888888888886 0.13194444444444448 0.09166666666666665
0 0.44270833333333326 0.46284722222222224 0.1520833333333333 0.12291666666666667
0 0.5631944444444444 0.5833333333333334 0.20694444444444438 0.17222222222222228
2 0.6854166666666667 0.22847222222222222 0.13749999999999996 0.08749999999999997
2 0.84375 0.29618055555555556 0.1708333333333334 0.11875000000000002
2 0.49375 0.35 0.13749999999999996 0.10277777777777775
3 0.553125 0.15833333333333333 0.12708333333333338 0.07777777777777778
3 0.59375 0.28958333333333336 0.13749999999999996 0.09305555555555556
3 0.628125 0.47118055555555555 0.19791666666666674 0.13958333333333328
1 0.7503472222222223 0.37569444444444444 0.1812499999999999 0.12083333333333335
1 0.35138888888888886 0.2708333333333333 0.12916666666666665 0.08472222222222225
1 0.28541666666666665 0.34652777777777777 0.1444444444444444 0.09583333333333333
