0 0.590625 0.17743055555555556 0.08125000000000004 0.08541666666666664
0 0.365625 0.33368055555555554 0.07708333333333339 0.10624999999999996
0 0.3458333333333333 0.4711805555555556 0.09999999999999998 0.1604166666666667
2 0.7875 0.29097222222222224 0.09166666666666656 0.09583333333333333
2 0.8614583333333333 0.43333333333333335 0.12291666666666656 0.13888888888888884
2 0.50625 0.2826388888888889 0.0708333333333333 0.09999999999999998
3 0.4927083333333334 0.43472222222222223 0.10625000000000001 0.1416666666666666
3 0.64375 0.2878472222222222 0.09583333333333344 0.1020833333333333
3 0.7395833333333334 0.175 0.09583333333333344 0.08055555555555555
1 0.4690972222222222 0.1673611111111111 0.07708333333333328 0.07916666666666666
1 0.36180555555555555 0.18819444444444444 0.07499999999999996 0.08750000000000002
1 0.6888888888888889 0.43333333333333335 0.12083333333333335 0.14861111111111108
