0 0.465625 0.2326388888888889 0.12708333333333333 0.08750000000000002
0 0.42986111111111114 0.4722222222222222 0.14861111111111108 0.12083333333333335
0 0.5381944444444444 0.6020833333333333 0.20138888888888884 0.17638888888888893
3 0.6152777777777778 0.490625 0.18888888888888888 0.14930555555555558
3 0.5947916666666667 0.3055555555555556 0.14375000000000004 0.09999999999999998
3 0.5694444444444444 0.16979166666666667 0.11944444444444446 0.07569444444444445
2 0.48715277777777777 0.36180555555555555 0.13680555555555562 0.11250000000000004
2 0.6947916666666667 0.25 0.13541666666666674 0.09444444444444444
2 0.8527777777777777 0.33055555555555555 0.1694444444444445 0.125
1 0.3607638888888889 0.2760416666666667 0.12291666666666667 0.08819444444444446
1 0.28541666666666665 0.34756944444444443 0.13611111111111107 0.09791666666666665
1 0.7479166666666667 0.40069444444444446 0.1777777777777778 0.13749999999999996
