0 0.7118055555555556 0.2375 0.12916666666666665 0.0777777777777778
0 0.3972222222222222 0.16944444444444445 0.13750000000000007 0.07916666666666666
0 0.2451388888888889 0.19722222222222222 0.18472222222222226 0.10000000000000003
2 0.5277777777777778 0.22534722222222223 0.13611111111111107 0.07708333333333334
2 0.6923611111111111 0.4201388888888889 0.1513888888888888 0.09999999999999998
2 0.5385416666666667 0.5253472222222222 0.20625000000000004 0.1395833333333334
3 0.3451388888888889 0.2659722222222222 0.18472222222222223 0.10416666666666666
3 0.5975694444444445 0.3128472222222222 0.14236111111111116 0.09375
3 0.8246527777777778 0.3458333333333333 0.1284722222222221 0.09722222222222221
1 0.4375 0.390625 0.20138888888888884 0.13263888888888886
1 0.5548611111111111 0.10902777777777778 0.125 0.07083333333333332
1 0.6444444444444445 0.16215277777777778 0.12916666666666665 0.07291666666666669
