0 0.6125 0.21041666666666664 0.06666666666666665 0.09027777777777776
0 0.340625 0.32013888888888886 0.0854166666666667 0.09583333333333333
0 0.2743055555555556 0.43784722222222217 0.13055555555555554 0.1520833333333333
2 0.76875 0.35208333333333336 0.07499999999999996 0.1069444444444444
2 0.7881944444444444 0.5083333333333333 0.0986111111111112 0.1555555555555555
2 0.490625 0.29618055555555556 0.08125000000000004 0.09791666666666665
3 0.421875 0.4315972222222222 0.11875000000000002 0.14791666666666664
3 0.6215277777777778 0.32430555555555557 0.07361111111111107 0.10416666666666663
3 0.7673611111111112 0.234375 0.07361111111111107 0.08819444444444446
1 0.6107638888888889 0.47152777777777777 0.1020833333333333 0.14583333333333331
1 0.4979166666666667 0.1798611111111111 0.07222222222222219 0.08749999999999997
1 0.38472222222222224 0.1829861111111111 0.0708333333333333 0.07708333333333334
