0 0.6027777777777777 0.20729166666666668 0.06388888888888888 0.08263888888888887
0 0.33541666666666664 0.3284722222222222 0.07916666666666672 0.09583333333333333
0 0.2798611111111111 0.45069444444444445 0.12361111111111112 0.15416666666666667
2 0.7645833333333333 0.3440972222222222 0.07916666666666661 0.1020833333333333
2 0.7958333333333333 0.4961805555555556 0.09166666666666656 0.15625000000000006
2 0.4861111111111111 0.29930555555555555 0.07777777777777783 0.09583333333333333
3 0.42916666666666664 0.4420138888888889 0.10833333333333328 0.13958333333333328
3 0.6208333333333333 0.3211805555555556 0.07499999999999996 0.1020833333333333
3 0.7527777777777778 0.225 0.07777777777777772 0.08055555555555555
1 0.6232638888888888 0.46562499999999996 0.09791666666666665 0.14930555555555552
1 0.4833333333333334 0.18020833333333333 0.07361111111111113 0.0798611111111111
1 0.37222222222222223 0.18854166666666666 0.0708333333333333 0.0798611111111111
