0 0.4041666666666667 0.22430555555555556 0.1333333333333333 0.07916666666666666
0 0.425 0.46041666666666664 0.15833333333333333 0.10972222222222217
0 0.5645833333333333 0.5659722222222222 0.20833333333333331 0.15416666666666662
2 0.6309027777777778 0.20555555555555555 0.13402777777777786 0.07500000000000001
2 0.79375 0.2625 0.16666666666666674 0.10555555555555554
2 0.45729166666666665 0.34305555555555556 0.14375000000000004 0.09166666666666667
3 0.6083333333333333 0.45034722222222223 0.19166666666666665 0.12708333333333327
3 0.55 0.27847222222222223 0.13749999999999996 0.08750000000000002
3 0.49236111111111114 0.15138888888888888 0.11805555555555558 0.06666666666666665
1 0.7138888888888889 0.3451388888888889 0.1791666666666667 0.1166666666666667
1 0.30833333333333335 0.2798611111111111 0.13194444444444442 0.08750000000000002
1 0.2513888888888889 0.3611111111111111 0.14583333333333337 0.09166666666666667
