0 0.6822916666666666 0.2902777777777778 0.1395833333333334 0.08333333333333334
0 0.3819444444444444 0.19618055555555555 0.13611111111111107 0.06875000000000003
0 0.2204861111111111 0.21388888888888885 0.17986111111111114 0.09166666666666665
2 0.4986111111111111 0.2642361111111111 0.1416666666666666 0.06874999999999998
2 0.625 0.47430555555555554 0.16666666666666674 0.10416666666666669
2 0.4423611111111111 0.5638888888888889 0.2180555555555556 0.1333333333333333
3 0.30243055555555554 0.2899305555555556 0.18680555555555556 0.09375
3 0.5486111111111112 0.35520833333333335 0.15416666666666673 0.08680555555555558
3 0.784375 0.4107638888888889 0.14375000000000004 0.1020833333333333
1 0.5534722222222223 0.15 0.125 0.06527777777777777
1 0.6354166666666666 0.20798611111111112 0.12777777777777777 0.06458333333333333
1 0.37222222222222223 0.42291666666666666 0.2041666666666666 0.12222222222222223
