0 0.4770833333333333 0.2076388888888889 0.11249999999999999 0.08749999999999997
0 0.3715277777777778 0.4284722222222222 0.13194444444444442 0.12083333333333335
0 0.44131944444444443 0.5670138888888889 0.17986111111111114 0.18124999999999997
2 0.70625 0.2534722222222222 0.12916666666666665 0.09583333333333333
2 0.8395833333333333 0.35833333333333334 0.1625000000000001 0.12777777777777777
2 0.4635416666666667 0.33368055555555554 0.11875000000000002 0.10624999999999996
3 0.5447916666666667 0.475 0.1729166666666666 0.1555555555555556
3 0.5861111111111111 0.29583333333333334 0.12777777777777777 0.10277777777777775
3 0.6020833333333333 0.1638888888888889 0.11250000000000004 0.07500000000000001
1 0.36180555555555555 0.23333333333333334 0.11250000000000004 0.09027777777777779
1 0.2722222222222222 0.2881944444444444 0.12083333333333335 0.10416666666666666
1 0.7097222222222223 0.4079861111111111 0.1708333333333334 0.13958333333333328
