0 0.39375 0.22847222222222222 0.12916666666666665 0.07916666666666666
0 0.43333333333333335 0.4638888888888889 0.15833333333333327 0.10416666666666669
0 0.5788194444444444 0.5638888888888889 0.21180555555555558 0.14999999999999997
2 0.6166666666666667 0.20104166666666667 0.1333333333333333 0.0798611111111111
2 0.7809027777777777 0.24930555555555556 0.15902777777777777 0.09583333333333333
2 0.45625 0.34618055555555555 0.14583333333333337 0.08958333333333335
3 0.6166666666666667 0.44791666666666663 0.19999999999999996 0.11805555555555552
3 0.5413194444444445 0.2760416666666667 0.1381944444444445 0.08680555555555558
3 0.475 0.15 0.125 0.061111111111111116
1 0.30243055555555554 0.28854166666666664 0.13958333333333336 0.0784722222222222
1 0.25 0.37083333333333335 0.14861111111111114 0.08472222222222225
1 0.7100694444444444 0.33402777777777776 0.17986111111111103 0.10416666666666663
