0 0.5996527777777778 0.20034722222222223 0.07013888888888897 0.0854166666666667
0 0.35 0.3347222222222222 0.07499999999999996 0.09999999999999998
0 0.3013888888888889 0.4638888888888889 0.1138888888888889 0.14999999999999997
2 0.7763888888888889 0.3326388888888889 0.07499999999999996 0.09999999999999998
2 0.8229166666666666 0.484375 0.10416666666666674 0.14513888888888893
2 0.4902777777777778 0.2982638888888889 0.06944444444444448 0.09791666666666665
3 0.45 0.44375 0.09166666666666667 0.14027777777777772
3 0.63125 0.3177083333333333 0.07916666666666661 0.09652777777777777
3 0.7548611111111111 0.21388888888888888 0.08194444444444438 0.08333333333333331
1 0.6496527777777777 0.46319444444444446 0.10069444444444442 0.14583333333333331
1 0.48263888888888895 0.1798611111111111 0.06666666666666671 0.07916666666666666
1 0.3729166666666667 0.19444444444444445 0.06388888888888888 0.08333333333333331
