0 0.35 0.22708333333333336 0.1333333333333333 0.0652777777777778
0 0.46875 0.4513888888888889 0.15416666666666673 0.08333333333333337
0 0.6392361111111111 0.5135416666666667 0.19930555555555562 0.12013888888888885
2 0.5579861111111111 0.1638888888888889 0.12847222222222227 0.0625
2 0.7270833333333333 0.18680555555555556 0.15416666666666679 0.07916666666666666
2 0.453125 0.3302083333333333 0.1479166666666667 0.07847222222222228
3 0.6381944444444444 0.39895833333333336 0.18194444444444446 0.09097222222222223
3 0.5079861111111111 0.24895833333333334 0.13680555555555562 0.0673611111111111
3 0.403125 0.13854166666666667 0.11875000000000002 0.045138888888888895
1 0.6892361111111112 0.27569444444444446 0.16319444444444442 0.08750000000000002
1 0.27708333333333335 0.3020833333333333 0.1444444444444444 0.06944444444444442
1 0.25625 0.39444444444444443 0.1527777777777778 0.06666666666666665
