0 0.5975694444444445 0.21354166666666666 0.07569444444444451 0.08680555555555552
0 0.309375 0.2951388888888889 0.10069444444444442 0.09583333333333333
0 0.21909722222222222 0.40347222222222223 0.15347222222222223 0.14583333333333337
2 0.7256944444444444 0.3680555555555556 0.09027777777777768 0.10833333333333339
2 0.459375 0.284375 0.09791666666666665 0.09652777777777777
2 0.7100694444444444 0.5190972222222222 0.13402777777777786 0.16041666666666665
3 0.36215277777777777 0.41180555555555554 0.1381944444444445 0.14583333333333337
3 0.58125 0.325 0.09583333333333344 0.09722222222222221
3 0.7479166666666667 0.25243055555555555 0.0625 0.0854166666666667
1 0.5430555555555555 0.46562499999999996 0.12916666666666665 0.1506944444444444
1 0.48854166666666665 0.17256944444444444 0.09097222222222223 0.0854166666666667
1 0.3784722222222222 0.17048611111111112 0.08333333333333337 0.08124999999999999
