0 0.428125 0.22013888888888888 0.13124999999999998 0.08333333333333334
0 0.43125 0.4545138888888889 0.15416666666666662 0.11874999999999997
0 0.5625 0.5711805555555556 0.20833333333333331 0.1645833333333333
2 0.6559027777777777 0.20972222222222223 0.13263888888888897 0.08333333333333331
2 0.815625 0.2763888888888889 0.16874999999999996 0.10833333333333336
2 0.4736111111111111 0.340625 0.13888888888888884 0.09930555555555554
3 0.6166666666666667 0.4583333333333333 0.1958333333333333 0.13888888888888895
3 0.5697916666666667 0.275 0.1395833333333334 0.08611111111111114
3 0.5208333333333334 0.14895833333333333 0.125 0.06597222222222221
1 0.7284722222222222 0.3559027777777778 0.18333333333333335 0.11875000000000002
1 0.32916666666666666 0.27395833333333336 0.1347222222222222 0.09097222222222223
1 0.26493055555555556 0.3506944444444444 0.1479166666666667 0.08750000000000002
