0 0.6569444444444444 0.1920138888888889 0.11111111111111116 0.08541666666666664
0 0.33784722222222224 0.17847222222222223 0.13263888888888886 0.08749999999999997
0 0.19930555555555557 0.2375 0.18472222222222223 0.12222222222222223
2 0.6902777777777778 0.36875 0.13611111111111107 0.10972222222222228
2 0.584375 0.5013888888888889 0.18958333333333338 0.16666666666666669
2 0.4822916666666667 0.2128472222222222 0.13125000000000003 0.08958333333333332
3 0.32013888888888886 0.2902777777777778 0.18055555555555558 0.1166666666666667
3 0.5756944444444444 0.2875 0.1347222222222222 0.10277777777777775
3 0.790625 0.2722222222222222 0.11041666666666661 0.09999999999999998
1 0.4732638888888889 0.09340277777777778 0.11041666666666672 0.07708333333333334
1 0.571875 0.12777777777777777 0.11736111111111103 0.07500000000000001
1 0.4510416666666667 0.390625 0.18402777777777785 0.14930555555555558
