0 0.3888888888888889 0.22916666666666666 0.1333333333333333 0.07222222222222224
0 0.4677083333333334 0.4618055555555556 0.1604166666666667 0.09583333333333338
0 0.6302083333333334 0.5423611111111111 0.20625000000000004 0.13749999999999996
2 0.60625 0.18680555555555556 0.1333333333333333 0.0708333333333333
2 0.7746527777777777 0.21944444444444444 0.16319444444444442 0.09166666666666667
2 0.4746527777777777 0.3423611111111111 0.14652777777777776 0.08750000000000002
3 0.6489583333333333 0.4253472222222222 0.18958333333333321 0.10624999999999996
3 0.5458333333333333 0.26180555555555557 0.1416666666666666 0.0708333333333333
3 0.45729166666666665 0.14201388888888888 0.12291666666666662 0.05625000000000001
1 0.3055555555555556 0.29791666666666666 0.14583333333333337 0.07777777777777783
1 0.26875 0.3861111111111111 0.15555555555555556 0.08333333333333337
1 0.7222222222222222 0.3034722222222222 0.1791666666666667 0.09583333333333333
