0 0.70625 0.21666666666666667 0.12916666666666665 0.08055555555555557
0 0.3902777777777778 0.16111111111111112 0.13055555555555554 0.08333333333333331
0 0.23819444444444443 0.20208333333333334 0.18194444444444446 0.10694444444444443
2 0.5229166666666667 0.21180555555555555 0.12916666666666665 0.07916666666666666
2 0.7052083333333333 0.3993055555555556 0.15208333333333335 0.11250000000000004
2 0.5645833333333333 0.5145833333333333 0.2041666666666666 0.15138888888888885
3 0.3482638888888889 0.2652777777777778 0.18680555555555556 0.10833333333333331
3 0.6020833333333333 0.2965277777777778 0.14583333333333326 0.09583333333333333
3 0.8260416666666667 0.3138888888888889 0.12708333333333344 0.09166666666666667
1 0.5409722222222222 0.09652777777777778 0.1166666666666667 0.07499999999999998
1 0.6378472222222222 0.14340277777777777 0.11874999999999991 0.07708333333333334
1 0.45138888888888895 0.3861111111111111 0.19583333333333336 0.14166666666666672
