0 0.7048611111111112 0.2635416666666667 0.1347222222222222 0.07986111111111113
0 0.3951388888888889 0.18055555555555555 0.13750000000000007 0.07500000000000001
0 0.23993055555555556 0.2065972222222222 0.1784722222222222 0.09791666666666665
2 0.525 0.24375 0.13749999999999996 0.0763888888888889
2 0.6715277777777777 0.44513888888888886 0.1513888888888888 0.10416666666666663
2 0.5072916666666667 0.5479166666666667 0.21875 0.1430555555555555
3 0.3329861111111111 0.28055555555555556 0.18819444444444444 0.09999999999999998
3 0.5833333333333334 0.334375 0.1499999999999999 0.09652777777777777
3 0.8166666666666667 0.37430555555555556 0.1333333333333333 0.09583333333333333
1 0.41805555555555557 0.40625 0.20416666666666672 0.11944444444444446
1 0.5604166666666667 0.12986111111111112 0.11944444444444446 0.07083333333333335
1 0.6482638888888889 0.184375 0.12708333333333344 0.06319444444444444
