0 0.490625 0.18958333333333333 0.11041666666666661 0.09305555555555556
0 0.36666666666666664 0.4045138888888889 0.125 0.12291666666666667
0 0.42291666666666666 0.5458333333333333 0.17083333333333328 0.1777777777777778
2 0.7166666666666667 0.24722222222222223 0.125 0.09583333333333333
2 0.8454861111111112 0.35868055555555556 0.16180555555555554 0.13124999999999998
2 0.4666666666666667 0.3138888888888889 0.1166666666666667 0.09999999999999998
3 0.5392361111111111 0.4597222222222222 0.16736111111111107 0.15833333333333333
3 0.5951388888888889 0.2815972222222222 0.12916666666666665 0.09791666666666665
3 0.6239583333333333 0.15555555555555556 0.11458333333333326 0.08333333333333331
1 0.3770833333333333 0.21111111111111108 0.10555555555555551 0.09166666666666665
1 0.27847222222222223 0.2621527777777778 0.1166666666666667 0.09791666666666665
1 0.7065972222222222 0.40729166666666666 0.16874999999999996 0.14930555555555558
