0 0.6777777777777778 0.2920138888888889 0.14444444444444438 0.07291666666666663
0 0.3704861111111111 0.1909722222222222 0.1381944444444444 0.0708333333333333
0 0.2111111111111111 0.20555555555555555 0.17777777777777776 0.09166666666666667
2 0.4875 0.2625 0.14166666666666672 0.06944444444444442
2 0.6052083333333333 0.475 0.16874999999999996 0.09722222222222227
2 0.4083333333333333 0.5628472222222223 0.22500000000000003 0.13541666666666669
3 0.7708333333333334 0.41458333333333336 0.1499999999999999 0.0986111111111111
3 0.5340277777777778 0.3541666666666667 0.1569444444444445 0.08611111111111114
3 0.2857638888888889 0.2826388888888889 0.18680555555555556 0.08750000000000002
1 0.5503472222222222 0.1517361111111111 0.12291666666666662 0.06458333333333333
1 0.6305555555555555 0.20798611111111112 0.12916666666666665 0.06458333333333333
1 0.34791666666666665 0.4184027777777778 0.20277777777777775 0.11875000000000002
