0 0.5354166666666667 0.1753472222222222 0.10416666666666669 0.0854166666666667
0 0.3697916666666667 0.37118055555555557 0.11041666666666672 0.11875000000000002
0 0.39791666666666664 0.5135416666666667 0.14583333333333337 0.1784722222222222
2 0.7552083333333334 0.25763888888888886 0.11874999999999991 0.09999999999999998
2 0.8673611111111111 0.378125 0.14861111111111103 0.13263888888888886
2 0.48819444444444443 0.2951388888888889 0.0986111111111111 0.10416666666666666
3 0.5291666666666667 0.4465277777777778 0.14999999999999997 0.15416666666666667
3 0.6229166666666667 0.27708333333333335 0.12083333333333335 0.10138888888888886
3 0.6760416666666667 0.15034722222222222 0.10624999999999996 0.08541666666666665
1 0.41597222222222224 0.1829861111111111 0.09583333333333333 0.08958333333333335
1 0.3138888888888889 0.22569444444444448 0.10416666666666663 0.09583333333333335
1 0.7118055555555556 0.40902777777777777 0.15833333333333321 0.15416666666666667
