0 0.5791666666666667 0.20034722222222223 0.08333333333333326 0.08958333333333335
0 0.2826388888888889 0.26458333333333334 0.1138888888888889 0.09305555555555556
0 0.1802083333333333 0.3638888888888889 0.15902777777777774 0.14166666666666672
2 0.4340277777777778 0.2607638888888889 0.10138888888888886 0.09375
2 0.6916666666666667 0.3597222222222222 0.09166666666666656 0.10833333333333328
2 0.6583333333333333 0.5072916666666667 0.1499999999999999 0.1659722222222222
3 0.3215277777777778 0.38055555555555554 0.14861111111111114 0.1416666666666666
3 0.5541666666666667 0.30972222222222223 0.10000000000000009 0.09999999999999998
3 0.7288194444444445 0.2444444444444444 0.07847222222222228 0.09166666666666665
1 0.47708333333333336 0.1527777777777778 0.09444444444444444 0.08333333333333331
1 0.36701388888888886 0.14340277777777777 0.08958333333333335 0.08124999999999999
1 0.49409722222222224 0.44375 0.14374999999999993 0.15277777777777785
