0 0.5104166666666666 0.18541666666666667 0.10416666666666669 0.09027777777777779
0 0.36006944444444444 0.39166666666666666 0.11597222222222225 0.11944444444444446
0 0.4010416666666667 0.53125 0.16041666666666665 0.17638888888888893
2 0.7302083333333333 0.25555555555555554 0.11874999999999991 0.09999999999999998
2 0.8479166666666667 0.3701388888888889 0.15416666666666679 0.1333333333333333
2 0.47187500000000004 0.30416666666666664 0.10625000000000001 0.10277777777777775
3 0.525 0.4545138888888889 0.15416666666666662 0.15625
3 0.5979166666666667 0.2798611111111111 0.12083333333333335 0.09583333333333333
3 0.6416666666666667 0.15208333333333332 0.10833333333333339 0.08194444444444443
1 0.7013888888888888 0.409375 0.15833333333333321 0.1465277777777778
1 0.3888888888888889 0.196875 0.09583333333333333 0.08680555555555552
1 0.29097222222222224 0.24444444444444444 0.10833333333333331 0.10000000000000003
