0 0.6166666666666667 0.21388888888888888 0.07499999999999996 0.08749999999999997
0 0.33611111111111114 0.3104166666666667 0.09722222222222221 0.10138888888888886
0 0.25763888888888886 0.42430555555555555 0.14583333333333337 0.15000000000000002
2 0.7625 0.3659722222222222 0.07499999999999996 0.10416666666666663
2 0.7666666666666667 0.5211805555555555 0.1166666666666667 0.16874999999999996
2 0.4875 0.29305555555555557 0.09166666666666667 0.09999999999999998
3 0.4083333333333333 0.42916666666666664 0.125 0.1527777777777778
3 0.6135416666666667 0.32708333333333334 0.0854166666666667 0.10138888888888886
3 0.7729166666666667 0.24618055555555557 0.0708333333333333 0.08958333333333335
1 0.5909722222222222 0.4736111111111111 0.1166666666666667 0.15833333333333338
1 0.5045138888888889 0.17777777777777778 0.08125000000000004 0.08333333333333331
1 0.3927083333333333 0.17881944444444445 0.07430555555555551 0.08124999999999999
