0 0.3861111111111111 0.2263888888888889 0.13611111111111107 0.07500000000000001
0 0.45069444444444445 0.4638888888888889 0.1597222222222222 0.10416666666666669
0 0.6041666666666666 0.5545138888888889 0.20833333333333331 0.14375000000000004
2 0.6104166666666667 0.1909722222222222 0.1333333333333333 0.0708333333333333
2 0.7777777777777778 0.23472222222222222 0.16388888888888897 0.09999999999999998
2 0.4625 0.34479166666666666 0.1416666666666666 0.09097222222222223
3 0.6298611111111111 0.4361111111111111 0.19027777777777777 0.1166666666666667
3 0.5416666666666666 0.26805555555555555 0.1416666666666666 0.07499999999999998
3 0.4625 0.1482638888888889 0.125 0.05625000000000001
1 0.7149305555555555 0.32256944444444446 0.1812499999999999 0.1020833333333333
1 0.3 0.29270833333333335 0.1402777777777778 0.07847222222222228
1 0.2565972222222222 0.3802083333333333 0.15208333333333335 0.07986111111111105
