0 0.5527777777777778 0.17118055555555556 0.09444444444444455 0.09375
0 0.3663194444444444 0.3614583333333333 0.10347222222222219 0.11597222222222225
0 0.38229166666666664 0.5045138888888889 0.13541666666666663 0.17708333333333331
2 0.7673611111111112 0.2625 0.10972222222222228 0.10555555555555554
2 0.8715277777777778 0.390625 0.1430555555555555 0.14236111111111116
2 0.49236111111111114 0.2899305555555556 0.09305555555555561 0.1020833333333333
3 0.5194444444444445 0.4420138888888888 0.13888888888888884 0.1520833333333333
3 0.6267361111111112 0.275 0.10763888888888884 0.10555555555555554
3 0.6958333333333333 0.15243055555555557 0.10833333333333339 0.08958333333333335
1 0.4305555555555556 0.1736111111111111 0.08750000000000002 0.08333333333333331
1 0.32569444444444445 0.21180555555555555 0.09999999999999998 0.10000000000000003
1 0.7104166666666667 0.41423611111111114 0.15277777777777768 0.15208333333333335
