0 0.31805555555555554 0.24409722222222224 0.1347222222222222 0.06458333333333335
0 0.459375 0.4635416666666667 0.15208333333333335 0.07847222222222217
0 0.6340277777777777 0.5125 0.19305555555555554 0.11111111111111116
2 0.5229166666666667 0.16805555555555557 0.12916666666666665 0.05833333333333335
2 0.6909722222222222 0.18055555555555555 0.15416666666666656 0.06666666666666665
2 0.42916666666666664 0.3440972222222222 0.14583333333333337 0.06874999999999998
3 0.6215277777777778 0.3972222222222222 0.17361111111111116 0.08333333333333337
3 0.47847222222222224 0.25625 0.13750000000000007 0.05972222222222223
3 0.365625 0.14930555555555555 0.11875000000000002 0.04583333333333334
1 0.6628472222222223 0.275 0.1645833333333333 0.07638888888888887
1 0.2534722222222222 0.3267361111111111 0.14166666666666664 0.06458333333333333
1 0.24097222222222223 0.4197916666666667 0.14999999999999997 0.06597222222222221
