0 0.60625 0.18888888888888888 0.07499999999999996 0.08333333333333331
0 0.36875 0.3368055555555556 0.0708333333333333 0.10416666666666663
0 0.33229166666666665 0.4677083333333334 0.1020833333333333 0.1534722222222223
2 0.7923611111111111 0.3125 0.09027777777777768 0.09722222222222221
2 0.8527777777777777 0.4618055555555556 0.10277777777777786 0.14583333333333331
2 0.509375 0.2923611111111111 0.07291666666666669 0.09583333333333333
3 0.48125 0.4420138888888889 0.09583333333333333 0.14374999999999993
3 0.6458333333333334 0.3034722222222222 0.08333333333333326 0.09583333333333333
3 0.75625 0.1951388888888889 0.08749999999999991 0.07916666666666666
1 0.6805555555555556 0.45069444444444445 0.11250000000000004 0.14583333333333337
1 0.48750000000000004 0.1736111111111111 0.06527777777777782 0.08333333333333331
1 0.3770833333333333 0.19270833333333334 0.07222222222222219 0.08680555555555552
