0 0.6090277777777777 0.18888888888888888 0.10138888888888897 0.08333333333333331
0 0.2989583333333333 0.21805555555555556 0.12152777777777779 0.09166666666666667
0 0.178125 0.2982638888888889 0.1701388888888889 0.13124999999999998
2 0.4506944444444444 0.23472222222222222 0.11527777777777776 0.09999999999999998
2 0.6875 0.35833333333333334 0.1166666666666667 0.11388888888888893
2 0.6152777777777778 0.5024305555555556 0.16388888888888897 0.16874999999999996
3 0.30625 0.334375 0.16527777777777775 0.1381944444444445
3 0.55625 0.29305555555555557 0.1166666666666667 0.10833333333333331
3 0.7527777777777778 0.24930555555555556 0.09444444444444455 0.09583333333333333
1 0.46597222222222223 0.41770833333333335 0.16666666666666669 0.1465277777777778
1 0.41041666666666665 0.11527777777777778 0.10277777777777775 0.07500000000000001
1 0.5166666666666667 0.134375 0.10138888888888892 0.07847222222222222
