0 0.5559027777777777 0.17430555555555555 0.09236111111111112 0.08750000000000002
0 0.3576388888888889 0.35520833333333335 0.09583333333333333 0.11319444444444449
0 0.35833333333333334 0.4979166666666667 0.125 0.17361111111111116
2 0.7666666666666667 0.275 0.10833333333333339 0.10277777777777775
2 0.859375 0.4083333333333333 0.13541666666666674 0.13888888888888884
2 0.48506944444444444 0.28888888888888886 0.08402777777777781 0.09999999999999998
3 0.49895833333333334 0.4420138888888888 0.13124999999999998 0.1520833333333333
3 0.6256944444444444 0.2847222222222222 0.10694444444444451 0.09999999999999998
3 0.703125 0.1597222222222222 0.1020833333333333 0.08750000000000001
1 0.4354166666666667 0.17048611111111112 0.0805555555555556 0.08124999999999999
1 0.32534722222222223 0.20520833333333333 0.08958333333333335 0.08819444444444446
1 0.6916666666666667 0.4236111111111111 0.14027777777777772 0.15000000000000002
