0 0.6270833333333333 0.19618055555555555 0.11250000000000004 0.09375
0 0.3159722222222222 0.20520833333333333 0.12638888888888888 0.09652777777777777
0 0.18194444444444444 0.2760416666666667 0.17916666666666664 0.1284722222222222
2 0.46145833333333336 0.23055555555555557 0.12291666666666667 0.09166666666666667
2 0.6826388888888889 0.37222222222222223 0.12916666666666665 0.1166666666666667
2 0.5947916666666667 0.5125 0.1812499999999999 0.16388888888888892
3 0.30694444444444446 0.31979166666666664 0.1777777777777778 0.13402777777777775
3 0.559375 0.29618055555555556 0.13125000000000003 0.1020833333333333
3 0.7680555555555556 0.2670138888888889 0.10000000000000009 0.09791666666666665
1 0.45243055555555556 0.4111111111111111 0.16874999999999996 0.15000000000000002
1 0.5409722222222222 0.1361111111111111 0.10833333333333339 0.08333333333333331
1 0.4378472222222222 0.10902777777777778 0.1020833333333333 0.07916666666666666
