0 0.5885416666666666 0.19375 0.09375 0.0847222222222222
0 0.28368055555555555 0.24305555555555552 0.11597222222222225 0.09166666666666665
0 0.171875 0.3326388888888889 0.1659722222222222 0.13750000000000007
2 0.4354166666666667 0.24722222222222223 0.11250000000000004 0.09583333333333333
2 0.6805555555555556 0.3628472222222222 0.10833333333333339 0.11458333333333337
2 0.6364583333333333 0.5076388888888889 0.15208333333333335 0.16250000000000003
3 0.309375 0.3576388888888889 0.15902777777777777 0.13750000000000007
3 0.55 0.3013888888888889 0.10833333333333339 0.09999999999999998
3 0.7354166666666667 0.2451388888888889 0.07916666666666661 0.09583333333333335
1 0.48993055555555554 0.14444444444444443 0.1020833333333333 0.08333333333333331
1 0.38263888888888886 0.13194444444444445 0.09166666666666667 0.08333333333333331
1 0.47534722222222214 0.42986111111111114 0.1520833333333333 0.15416666666666662
