0 0.37083333333333335 0.22638888888888892 0.1333333333333333 0.06666666666666668
0 0.47673611111111114 0.45243055555555556 0.15902777777777777 0.08125000000000004
0 0.6458333333333334 0.521875 0.19999999999999996 0.12986111111111115
2 0.58125 0.17118055555555556 0.12916666666666665 0.06458333333333333
2 0.7479166666666667 0.19583333333333333 0.1625000000000001 0.08611111111111108
2 0.46770833333333334 0.33368055555555554 0.14374999999999993 0.08125000000000004
3 0.646875 0.4083333333333333 0.18541666666666656 0.09444444444444444
3 0.528125 0.2513888888888889 0.1395833333333334 0.06666666666666665
3 0.4270833333333333 0.13854166666666667 0.12083333333333335 0.05347222222222221
1 0.29583333333333334 0.29965277777777777 0.14305555555555557 0.07291666666666663
1 0.26805555555555555 0.39131944444444444 0.15416666666666667 0.07291666666666663
1 0.7065972222222222 0.28715277777777776 0.1729166666666666 0.08958333333333335
