0 0.3861111111111111 0.22847222222222222 0.13611111111111107 0.07500000000000001
0 0.4822916666666667 0.4576388888888889 0.16041666666666665 0.09583333333333333
0 0.6479166666666667 0.5357638888888889 0.2041666666666666 0.13125000000000003
2 0.6 0.17708333333333334 0.1333333333333333 0.06527777777777777
2 0.7715277777777778 0.20833333333333331 0.15972222222222232 0.08888888888888888
2 0.475 0.3388888888888889 0.14583333333333331 0.08333333333333337
3 0.65625 0.41805555555555557 0.1875 0.10833333333333328
3 0.540625 0.25763888888888886 0.1395833333333334 0.0708333333333333
3 0.44652777777777775 0.140625 0.12361111111111106 0.05069444444444443
1 0.3076388888888889 0.2965277777777778 0.14583333333333337 0.07499999999999996
1 0.27534722222222224 0.3885416666666667 0.15208333333333335 0.07847222222222228
1 0.7211805555555556 0.2965277777777778 0.1729166666666666 0.09583333333333333
