0 0.4527777777777777 0.2326388888888889 0.12222222222222218 0.08750000000000002
0 0.38645833333333335 0.46770833333333334 0.14375000000000004 0.1201388888888889
0 0.4864583333333333 0.5982638888888889 0.19375000000000003 0.17708333333333326
2 0.6798611111111111 0.25625 0.13194444444444442 0.09305555555555556
2 0.8284722222222223 0.3440972222222222 0.1625000000000001 0.12708333333333333
2 0.46319444444444446 0.3597222222222222 0.12361111111111112 0.09999999999999998
3 0.571875 0.49722222222222223 0.18958333333333338 0.15416666666666673
3 0.575 0.30972222222222223 0.1333333333333333 0.09999999999999998
3 0.5635416666666667 0.17708333333333334 0.11874999999999991 0.0763888888888889
1 0.3368055555555556 0.2708333333333333 0.12083333333333335 0.09027777777777779
1 0.26180555555555557 0.3402777777777778 0.1333333333333333 0.09999999999999998
1 0.7138888888888889 0.41215277777777776 0.1791666666666667 0.14374999999999993
