0 0.3190972222222222 0.13993055555555556 0.15763888888888888 0.06458333333333333
0 0.39861111111111114 0.35833333333333334 0.1972222222222222 0.09444444444444444
0 0.5951388888888889 0.44166666666666665 0.26249999999999996 0.1472222222222222
2 0.5715277777777777 0.11041666666666666 0.14861111111111108 0.05694444444444445
2 0.7625 0.1423611111111111 0.19166666666666665 0.07083333333333332
2 0.409375 0.24513888888888888 0.17291666666666672 0.07916666666666666
3 0.6166666666666667 0.3232638888888889 0.2333333333333334 0.11041666666666661
3 0.4979166666666667 0.175 0.16250000000000003 0.07222222222222219
3 0.4027777777777778 0.07430555555555556 0.13611111111111107 0.05416666666666667
1 0.7013888888888888 0.21944444444444444 0.20833333333333326 0.09166666666666667
1 0.21770833333333334 0.20104166666666667 0.1659722222222222 0.07013888888888886
1 0.16041666666666665 0.28020833333333334 0.1861111111111111 0.0784722222222222
