0 0.353125 0.12430555555555556 0.15208333333333335 0.07083333333333332
0 0.3680555555555556 0.34618055555555555 0.1972222222222222 0.11041666666666672
0 0.540625 0.45 0.2645833333333334 0.16388888888888886
2 0.6177083333333333 0.11388888888888889 0.15625 0.06666666666666668
2 0.80625 0.15763888888888888 0.19999999999999996 0.09583333333333333
2 0.4125 0.23159722222222223 0.16666666666666663 0.08958333333333335
3 0.5958333333333333 0.3284722222222222 0.2416666666666667 0.12083333333333335
3 0.5208333333333334 0.1701388888888889 0.16666666666666669 0.08055555555555555
3 0.4597222222222222 0.06458333333333334 0.13888888888888895 0.056944444444444436
1 0.7184027777777777 0.23194444444444445 0.21319444444444446 0.10416666666666666
1 0.23854166666666665 0.17569444444444443 0.15763888888888886 0.07916666666666666
1 0.1638888888888889 0.246875 0.17916666666666664 0.08819444444444446
