0 0.25243055555555555 0.14895833333333333 0.15347222222222223 0.05902777777777779
0 0.35659722222222223 0.3659722222222222 0.19513888888888886 0.08750000000000002
0 0.5583333333333333 0.4395833333333333 0.25 0.14027777777777772
2 0.4986111111111111 0.1125 0.15277777777777773 0.05555555555555555
2 0.6927083333333334 0.13680555555555557 0.17708333333333326 0.07500000000000001
2 0.3545138888888889 0.2513888888888889 0.1743055555555555 0.07499999999999998
3 0.5673611111111111 0.32430555555555557 0.2319444444444445 0.09583333333333333
3 0.4364583333333334 0.17847222222222223 0.16458333333333336 0.0625
3 0.3295138888888889 0.07847222222222222 0.14097222222222228 0.04583333333333334
1 0.6378472222222222 0.21180555555555555 0.19791666666666674 0.08333333333333331
1 0.15555555555555556 0.21215277777777777 0.17083333333333334 0.06458333333333333
1 0.10659722222222223 0.2951388888888889 0.18958333333333333 0.07499999999999996
