0 0.4895833333333333 0.1486111111111111 0.10416666666666663 0.08333333333333331
0 0.22361111111111112 0.32222222222222224 0.10416666666666669 0.1166666666666667
0 0.19895833333333332 0.4753472222222222 0.13819444444444445 0.18958333333333333
2 0.7416666666666667 0.2451388888888889 0.1333333333333333 0.09583333333333335
2 0.8631944444444445 0.3836805555555556 0.18194444444444446 0.1479166666666667
2 0.4 0.25763888888888886 0.09999999999999998 0.09583333333333333
3 0.3927083333333333 0.4149305555555556 0.15208333333333335 0.16041666666666665
3 0.5642361111111112 0.25069444444444444 0.12569444444444455 0.10416666666666666
3 0.66875 0.1388888888888889 0.12083333333333335 0.08333333333333331
1 0.21111111111111114 0.17222222222222222 0.09583333333333335 0.08750000000000002
1 0.3482638888888889 0.14652777777777778 0.08958333333333335 0.07916666666666666
1 0.6472222222222223 0.39444444444444443 0.1791666666666667 0.15833333333333333
