0 0.6041666666666666 0.17430555555555555 0.08333333333333326 0.07916666666666666
0 0.27118055555555554 0.27118055555555554 0.11597222222222225 0.09791666666666665
0 0.16145833333333331 0.38472222222222224 0.18819444444444441 0.15833333333333333
2 0.4520833333333333 0.25 0.11249999999999999 0.09722222222222221
2 0.78125 0.3138888888888889 0.08749999999999991 0.10833333333333339
2 0.790625 0.475 0.14375000000000004 0.18055555555555558
3 0.3423611111111111 0.38680555555555557 0.16527777777777775 0.15416666666666667
3 0.603125 0.28125 0.09791666666666665 0.10138888888888886
3 0.7875 0.19930555555555557 0.08333333333333326 0.07916666666666666
1 0.5704861111111111 0.428125 0.1479166666666667 0.16319444444444442
1 0.34965277777777776 0.14895833333333333 0.09375 0.07152777777777779
1 0.47708333333333336 0.14479166666666668 0.09444444444444444 0.07847222222222222
