0 0.5944444444444444 0.2375 0.13888888888888884 0.07222222222222219
0 0.2534722222222222 0.21979166666666666 0.14305555555555552 0.07569444444444443
0 0.09618055555555555 0.26666666666666666 0.1923611111111111 0.10277777777777775
2 0.3958333333333333 0.2534722222222222 0.15000000000000002 0.07916666666666664
2 0.5902777777777778 0.40034722222222224 0.17222222222222228 0.1020833333333333
2 0.4256944444444444 0.5243055555555556 0.24305555555555552 0.15416666666666673
3 0.19479166666666667 0.3107638888888889 0.2131944444444444 0.1020833333333333
3 0.4777777777777778 0.3170138888888889 0.16388888888888886 0.0854166666666667
3 0.7277777777777777 0.31180555555555556 0.13888888888888884 0.09583333333333333
1 0.30486111111111114 0.4111111111111111 0.21666666666666667 0.12916666666666665
1 0.41944444444444445 0.1527777777777778 0.125 0.0625
1 0.5204861111111111 0.18229166666666666 0.13125000000000003 0.06319444444444444
