0 0.6027777777777777 0.17326388888888888 0.0888888888888888 0.08124999999999999
0 0.2569444444444444 0.25763888888888886 0.12777777777777777 0.09583333333333333
0 0.1361111111111111 0.3607638888888889 0.19583333333333336 0.15208333333333335
2 0.75625 0.31875 0.10416666666666674 0.1069444444444444
2 0.7416666666666667 0.48124999999999996 0.16666666666666674 0.1819444444444444
2 0.4354166666666667 0.2451388888888889 0.12083333333333335 0.09583333333333335
3 0.30972222222222223 0.36909722222222224 0.17638888888888893 0.1479166666666667
3 0.5829861111111111 0.27847222222222223 0.11319444444444438 0.10416666666666666
3 0.7822916666666667 0.20625 0.07708333333333339 0.08194444444444443
1 0.5277777777777778 0.4236111111111111 0.16666666666666669 0.16249999999999998
1 0.3527777777777778 0.1375 0.09999999999999998 0.0722222222222222
1 0.4777777777777778 0.1423611111111111 0.09999999999999998 0.07500000000000001
