0 0.5472222222222223 0.15243055555555557 0.07499999999999996 0.07291666666666669
0 0.22152777777777777 0.27708333333333335 0.10833333333333336 0.09305555555555556
0 0.12777777777777777 0.40208333333333335 0.1791666666666667 0.15694444444444444
2 0.7486111111111111 0.27847222222222223 0.09722222222222232 0.09583333333333333
2 0.4041666666666667 0.24201388888888886 0.09999999999999998 0.09374999999999997
2 0.7895833333333333 0.4361111111111111 0.12083333333333335 0.16666666666666669
3 0.31527777777777777 0.3854166666666667 0.1527777777777778 0.14861111111111114
3 0.5659722222222222 0.2586805555555556 0.08749999999999991 0.09375
3 0.7298611111111111 0.16493055555555555 0.09305555555555545 0.07291666666666669
1 0.2798611111111111 0.14583333333333334 0.08472222222222225 0.07222222222222223
1 0.41041666666666665 0.13402777777777777 0.08472222222222225 0.07222222222222223
1 0.5618055555555556 0.41041666666666665 0.12361111111111112 0.1513888888888889
