0 0.4854166666666667 0.14930555555555555 0.1291666666666667 0.07916666666666666
0 0.3295138888888889 0.3576388888888889 0.14930555555555558 0.12916666666666665
0 0.3958333333333333 0.5107638888888889 0.22499999999999998 0.20625000000000004
2 0.7541666666666667 0.2065972222222222 0.1499999999999999 0.08958333333333335
2 0.9083333333333333 0.31180555555555556 0.18333333333333335 0.13749999999999998
2 0.45625 0.2701388888888889 0.13750000000000007 0.10416666666666666
3 0.5447916666666667 0.41388888888888886 0.2104166666666667 0.15833333333333333
3 0.6041666666666666 0.23368055555555556 0.15833333333333344 0.09791666666666665
3 0.634375 0.11666666666666667 0.13541666666666674 0.07222222222222223
1 0.2326388888888889 0.21736111111111112 0.1416666666666667 0.09583333333333333
1 0.3451388888888889 0.1673611111111111 0.125 0.07916666666666666
1 0.7579861111111111 0.3572916666666667 0.21736111111111112 0.14930555555555558
