0 0.4756944444444444 0.16597222222222222 0.10972222222222228 0.08749999999999998
0 0.2420138888888889 0.3524305555555556 0.1159722222222222 0.11875000000000002
0 0.24618055555555557 0.5065972222222223 0.15763888888888888 0.19791666666666669
2 0.7291666666666666 0.25 0.1333333333333333 0.09444444444444444
2 0.8604166666666667 0.37604166666666666 0.1875 0.14513888888888893
2 0.39861111111111114 0.2791666666666667 0.11111111111111116 0.09722222222222221
3 0.42604166666666665 0.4340277777777778 0.1645833333333333 0.16250000000000003
3 0.5625 0.2638888888888889 0.1333333333333333 0.09999999999999998
3 0.6416666666666667 0.14791666666666667 0.125 0.0763888888888889
1 0.6618055555555555 0.40208333333333335 0.19166666666666665 0.1611111111111111
1 0.33541666666666664 0.1684027777777778 0.09444444444444444 0.07708333333333334
1 0.20833333333333334 0.203125 0.10694444444444445 0.09097222222222223
