0 0.3482638888888889 0.12916666666666668 0.15347222222222223 0.06944444444444446
0 0.38125 0.3503472222222222 0.1958333333333333 0.1020833333333333
0 0.5611111111111111 0.44722222222222224 0.26388888888888884 0.15833333333333333
2 0.6069444444444444 0.10902777777777778 0.1527777777777779 0.0625
2 0.7979166666666667 0.15347222222222223 0.1958333333333333 0.08750000000000001
2 0.41354166666666664 0.23368055555555556 0.16875000000000007 0.08958333333333335
3 0.6083333333333333 0.32708333333333334 0.2416666666666667 0.12361111111111112
3 0.5166666666666667 0.17222222222222222 0.16666666666666669 0.0708333333333333
3 0.4427083333333333 0.06597222222222222 0.13958333333333328 0.05416666666666667
1 0.23576388888888888 0.18194444444444444 0.15625 0.07500000000000001
1 0.16805555555555557 0.25625 0.1791666666666667 0.08611111111111114
1 0.7170138888888888 0.23194444444444445 0.21458333333333335 0.09999999999999998
