0 0.5090277777777777 0.16180555555555556 0.0847222222222222 0.07916666666666666
0 0.184375 0.3003472222222222 0.10069444444444442 0.09791666666666665
0 0.103125 0.44027777777777777 0.17152777777777778 0.16666666666666669
2 0.7194444444444444 0.2815972222222222 0.10555555555555562 0.09791666666666665
2 0.7875 0.4354166666666667 0.1333333333333333 0.1652777777777778
2 0.36875 0.25833333333333336 0.09583333333333333 0.09444444444444444
3 0.2972222222222222 0.40555555555555556 0.13888888888888892 0.15000000000000002
3 0.5375 0.26875 0.09166666666666662 0.0986111111111111
3 0.6885416666666667 0.1673611111111111 0.1020833333333333 0.07916666666666666
1 0.5597222222222222 0.4239583333333333 0.12916666666666665 0.15069444444444446
1 0.3638888888888889 0.14131944444444444 0.08333333333333337 0.07708333333333334
1 0.23159722222222223 0.159375 0.08125000000000002 0.07152777777777776
