0 0.4375 0.13402777777777777 0.1333333333333333 0.07916666666666666
0 0.3246527777777778 0.3482638888888889 0.17152777777777775 0.11875000000000002
0 0.4239583333333333 0.490625 0.23958333333333331 0.19930555555555562
2 0.7052083333333333 0.16979166666666667 0.15625 0.08402777777777781
2 0.8805555555555555 0.26180555555555557 0.20694444444444438 0.12083333333333335
2 0.43125 0.24930555555555556 0.14583333333333331 0.09583333333333333
3 0.5506944444444445 0.38680555555555557 0.22638888888888892 0.15416666666666667
3 0.5736111111111111 0.21493055555555557 0.16388888888888892 0.09791666666666665
3 0.5760416666666667 0.09583333333333334 0.1395833333333334 0.07222222222222222
1 0.3055555555555556 0.16111111111111112 0.12916666666666665 0.08333333333333331
1 0.196875 0.21770833333333334 0.14930555555555552 0.09513888888888888
1 0.7399305555555555 0.31145833333333334 0.21875 0.14236111111111108
