0 0.47604166666666664 0.1545138888888889 0.11875000000000002 0.08124999999999999
0 0.30243055555555554 0.36180555555555555 0.14513888888888893 0.125
0 0.3545138888888889 0.5152777777777777 0.21180555555555558 0.20833333333333331
2 0.7444444444444445 0.2128472222222222 0.15277777777777768 0.09374999999999997
2 0.9010416666666667 0.3284722222222222 0.19791666666666663 0.13750000000000007
2 0.43645833333333334 0.2708333333333333 0.12708333333333333 0.10277777777777775
3 0.5145833333333333 0.425 0.2041666666666666 0.17222222222222217
3 0.5958333333333333 0.24409722222222222 0.1499999999999999 0.10208333333333336
3 0.6333333333333333 0.12638888888888888 0.1333333333333333 0.07500000000000001
1 0.7295138888888889 0.3697916666666667 0.21875 0.14930555555555558
1 0.3375 0.16875 0.11527777777777781 0.08055555555555555
1 0.21736111111111112 0.21631944444444445 0.1333333333333333 0.09375
