0 0.33958333333333335 0.12916666666666668 0.15694444444444444 0.06944444444444446
0 0.39375 0.3506944444444444 0.1958333333333333 0.09583333333333333
0 0.5791666666666667 0.4420138888888888 0.2583333333333333 0.1520833333333333
2 0.5958333333333333 0.10451388888888888 0.15416666666666656 0.06041666666666666
2 0.7875 0.14479166666666668 0.19166666666666665 0.08402777777777777
2 0.41875 0.2375 0.17083333333333328 0.0888888888888889
3 0.6152777777777778 0.3229166666666667 0.23888888888888893 0.10972222222222217
3 0.5142361111111111 0.16805555555555557 0.1659722222222222 0.07500000000000001
3 0.43333333333333335 0.06597222222222222 0.1416666666666666 0.05416666666666667
1 0.7163194444444444 0.221875 0.2090277777777778 0.09513888888888888
1 0.23333333333333334 0.18611111111111112 0.1597222222222222 0.07500000000000001
1 0.16805555555555557 0.26319444444444445 0.1791666666666667 0.07916666666666669
