0 0.6215277777777778 0.24409722222222222 0.13194444444444442 0.08124999999999999
0 0.27361111111111114 0.23680555555555555 0.1444444444444444 0.07916666666666669
0 0.11423611111111112 0.2920138888888889 0.20625 0.10624999999999998
2 0.42604166666666665 0.26284722222222223 0.15208333333333335 0.08125000000000002
2 0.6552083333333333 0.4097222222222222 0.1645833333333333 0.10833333333333339
2 0.5197916666666667 0.5430555555555555 0.23958333333333331 0.17500000000000004
3 0.2378472222222222 0.3368055555555556 0.20763888888888893 0.11250000000000004
3 0.525 0.3284722222222222 0.15833333333333338 0.09583333333333333
3 0.775 0.3128472222222222 0.125 0.09375
1 0.42986111111111114 0.159375 0.1166666666666667 0.0673611111111111
1 0.5381944444444444 0.18611111111111112 0.125 0.0708333333333333
1 0.36944444444444446 0.43194444444444446 0.21666666666666667 0.15416666666666673
