0 0.6104166666666667 0.18333333333333332 0.10416666666666674 0.07777777777777778
0 0.26284722222222223 0.24930555555555556 0.13263888888888886 0.08750000000000002
0 0.1329861111111111 0.3472222222222222 0.19791666666666669 0.1416666666666666
2 0.4354166666666667 0.24722222222222223 0.12916666666666665 0.09166666666666667
2 0.7402777777777778 0.3368055555555556 0.11111111111111116 0.10416666666666663
2 0.7 0.4951388888888889 0.18333333333333335 0.1791666666666667
3 0.29756944444444444 0.3597222222222222 0.1840277777777778 0.1333333333333333
3 0.5729166666666666 0.2861111111111111 0.12083333333333335 0.09999999999999998
3 0.784375 0.22291666666666668 0.08958333333333335 0.0847222222222222
1 0.4986111111111111 0.42569444444444443 0.17500000000000004 0.15833333333333333
1 0.49444444444444446 0.14270833333333333 0.10833333333333339 0.07569444444444445
1 0.3701388888888889 0.14027777777777778 0.09999999999999998 0.07083333333333332
