0 0.5267361111111111 0.15208333333333332 0.07569444444444445 0.07361111111111113
0 0.19722222222222222 0.27847222222222223 0.10833333333333334 0.09583333333333333
0 0.10416666666666667 0.40555555555555556 0.18055555555555555 0.15833333333333333
2 0.7270833333333333 0.27534722222222224 0.09583333333333344 0.09375
2 0.7777777777777778 0.4305555555555556 0.12777777777777777 0.16666666666666669
2 0.384375 0.24097222222222225 0.1020833333333333 0.09583333333333335
3 0.296875 0.38680555555555557 0.15069444444444446 0.14583333333333337
3 0.5444444444444444 0.25763888888888886 0.08888888888888885 0.09583333333333333
3 0.7104166666666667 0.16180555555555556 0.09583333333333344 0.07500000000000001
1 0.2548611111111111 0.14340277777777777 0.08333333333333334 0.07291666666666669
1 0.3888888888888889 0.13194444444444445 0.08750000000000002 0.07500000000000001
1 0.5440972222222222 0.40729166666666666 0.12291666666666662 0.15069444444444446
