0 0.2128472222222222 0.15104166666666666 0.15763888888888886 0.06180555555555556
0 0.34097222222222223 0.35833333333333334 0.1972222222222222 0.08611111111111114
0 0.5541666666666667 0.42118055555555556 0.25 0.12291666666666667
2 0.45694444444444443 0.10243055555555555 0.1444444444444445 0.05625000000000001
2 0.6493055555555556 0.1201388888888889 0.1791666666666667 0.06250000000000001
2 0.3284722222222222 0.246875 0.17638888888888893 0.07013888888888886
3 0.55 0.3076388888888889 0.22500000000000003 0.08750000000000002
3 0.396875 0.17222222222222222 0.16874999999999996 0.05833333333333335
3 0.28125 0.07951388888888888 0.14027777777777775 0.043750000000000004
1 0.11701388888888889 0.21875 0.18124999999999997 0.06388888888888888
1 0.08923611111111111 0.3055555555555556 0.17847222222222223 0.0708333333333333
1 0.6059027777777778 0.1986111111111111 0.19652777777777786 0.07500000000000001
