0 0.6322916666666667 0.1857638888888889 0.10624999999999996 0.08124999999999999
0 0.2857638888888889 0.2326388888888889 0.13680555555555554 0.08750000000000002
0 0.146875 0.3138888888888889 0.20069444444444445 0.1333333333333333
2 0.453125 0.23680555555555555 0.13541666666666669 0.09583333333333333
2 0.7388888888888889 0.3420138888888889 0.125 0.10624999999999996
2 0.6802083333333333 0.48993055555555554 0.1937500000000001 0.16874999999999996
3 0.30243055555555554 0.33993055555555557 0.18680555555555556 0.13124999999999998
3 0.5819444444444445 0.2815972222222222 0.12777777777777777 0.09375
3 0.7993055555555556 0.2326388888888889 0.09166666666666656 0.08750000000000002
1 0.490625 0.41423611111111114 0.19097222222222215 0.15208333333333335
1 0.521875 0.14652777777777778 0.11180555555555555 0.07500000000000001
1 0.4027777777777778 0.13402777777777777 0.10833333333333339 0.06666666666666665
