0 0.2232638888888889 0.14375 0.1618055555555556 0.05972222222222223
0 0.3440972222222222 0.3541666666666667 0.19513888888888886 0.0888888888888889
0 0.5510416666666667 0.4232638888888889 0.25208333333333327 0.12708333333333333
2 0.46944444444444444 0.10034722222222223 0.1472222222222222 0.05208333333333333
2 0.6645833333333333 0.12291666666666666 0.1791666666666667 0.06805555555555556
2 0.33368055555555554 0.2420138888888889 0.17430555555555552 0.07708333333333334
3 0.5538194444444444 0.3055555555555556 0.2284722222222222 0.09999999999999998
3 0.4114583333333333 0.16805555555555557 0.1645833333333333 0.05833333333333335
3 0.29756944444444444 0.07118055555555555 0.14236111111111113 0.04791666666666666
1 0.6170138888888889 0.1986111111111111 0.19791666666666674 0.08333333333333331
1 0.1295138888888889 0.20729166666666668 0.18124999999999997 0.06597222222222221
1 0.0920138888888889 0.2947916666666667 0.1840277777777778 0.0673611111111111
