0 0.6486111111111111 0.18680555555555556 0.11111111111111116 0.07916666666666666
0 0.30243055555555554 0.22291666666666668 0.1368055555555556 0.08194444444444443
0 0.16145833333333334 0.29305555555555557 0.20347222222222222 0.125
2 0.7395833333333334 0.34791666666666665 0.13749999999999996 0.11527777777777781
2 0.659375 0.49583333333333335 0.21458333333333335 0.17222222222222228
2 0.46875 0.2326388888888889 0.13749999999999996 0.08750000000000002
3 0.3055555555555556 0.32430555555555557 0.19305555555555554 0.12083333333333335
3 0.5895833333333333 0.284375 0.13749999999999996 0.09652777777777777
3 0.8131944444444444 0.24097222222222223 0.0986111111111112 0.08749999999999997
1 0.4809027777777778 0.40381944444444445 0.1965277777777778 0.1479166666666667
1 0.42986111111111114 0.12569444444444444 0.11250000000000004 0.06666666666666665
1 0.5458333333333333 0.14305555555555555 0.11527777777777781 0.07500000000000001
