0 0.4215277777777778 0.13159722222222223 0.1430555555555556 0.08124999999999999
0 0.3524305555555556 0.35208333333333336 0.1826388888888889 0.12361111111111112
0 0.484375 0.4868055555555556 0.25625000000000003 0.19583333333333336
2 0.6958333333333333 0.15138888888888888 0.15833333333333321 0.07916666666666666
2 0.8795138888888889 0.225 0.2090277777777778 0.1111111111111111
2 0.43715277777777783 0.24930555555555556 0.16319444444444448 0.09583333333333333
3 0.5847222222222223 0.371875 0.2416666666666667 0.1465277777777778
3 0.571875 0.19826388888888888 0.1645833333333333 0.08958333333333335
3 0.5513888888888889 0.08125 0.1416666666666666 0.05972222222222223
1 0.7534722222222222 0.2881944444444444 0.2250000000000001 0.12916666666666665
1 0.2916666666666667 0.1642361111111111 0.1402777777777778 0.07708333333333334
1 0.19722222222222222 0.22673611111111108 0.16250000000000003 0.08958333333333332
