0 0.4340277777777778 0.12604166666666666 0.14027777777777772 0.0798611111111111
0 0.34097222222222223 0.3472222222222222 0.17638888888888893 0.125
0 0.4541666666666666 0.4833333333333334 0.24999999999999994 0.19722222222222224
2 0.7020833333333333 0.15555555555555556 0.15416666666666656 0.08333333333333331
2 0.8815972222222223 0.2388888888888889 0.20486111111111116 0.11666666666666664
2 0.4385416666666666 0.24270833333333336 0.1520833333333333 0.0965277777777778
3 0.5697916666666667 0.37916666666666665 0.2354166666666666 0.1527777777777778
3 0.5739583333333333 0.19930555555555557 0.1645833333333333 0.09583333333333333
3 0.5652777777777778 0.08333333333333333 0.13888888888888884 0.06388888888888888
1 0.7472222222222222 0.2965277777777778 0.22083333333333321 0.13750000000000004
1 0.2982638888888889 0.15902777777777777 0.13958333333333336 0.07916666666666666
1 0.20034722222222223 0.2152777777777778 0.15208333333333335 0.09166666666666667
