0 0.49027777777777776 0.15555555555555556 0.09722222222222221 0.08333333333333331
0 0.21006944444444442 0.32222222222222224 0.09374999999999997 0.10833333333333328
0 0.16145833333333334 0.47430555555555554 0.13680555555555557 0.1791666666666667
2 0.7354166666666667 0.25763888888888886 0.12916666666666665 0.09583333333333333
2 0.840625 0.4013888888888889 0.1729166666666666 0.15000000000000002
2 0.3854166666666667 0.26493055555555556 0.08750000000000002 0.09375
3 0.3645833333333333 0.42118055555555556 0.14583333333333337 0.15625
3 0.5548611111111111 0.2607638888888889 0.11805555555555558 0.10624999999999998
3 0.6697916666666667 0.14930555555555555 0.11874999999999991 0.07916666666666666
1 0.21180555555555552 0.175 0.09166666666666665 0.08472222222222225
1 0.3451388888888889 0.15104166666666666 0.08333333333333337 0.07847222222222222
1 0.6232638888888888 0.4114583333333333 0.1645833333333333 0.16736111111111107
