0 0.378125 0.13055555555555556 0.1479166666666667 0.07500000000000001
0 0.35381944444444446 0.34930555555555554 0.18819444444444444 0.12083333333333335
0 0.5052083333333334 0.4670138888888889 0.26041666666666674 0.17708333333333337
2 0.6416666666666667 0.1326388888888889 0.15833333333333344 0.07083333333333335
2 0.8298611111111112 0.19166666666666668 0.20138888888888884 0.09722222222222221
2 0.415625 0.24166666666666664 0.16041666666666665 0.08888888888888888
3 0.5868055555555556 0.35347222222222224 0.23750000000000004 0.13750000000000007
3 0.5381944444444444 0.18055555555555555 0.1652777777777778 0.07916666666666666
3 0.49270833333333336 0.07326388888888889 0.13958333333333328 0.06458333333333335
1 0.7243055555555555 0.2611111111111111 0.21666666666666679 0.10833333333333331
1 0.2565972222222222 0.17152777777777778 0.15208333333333335 0.0708333333333333
1 0.17118055555555556 0.24027777777777778 0.16874999999999998 0.08333333333333331
