0 0.6145833333333334 0.2503472222222222 0.13749999999999996 0.07291666666666666
0 0.26805555555555555 0.2388888888888889 0.14305555555555557 0.08333333333333331
0 0.10902777777777778 0.28888888888888886 0.20833333333333337 0.10833333333333336
2 0.6340277777777777 0.4166666666666667 0.16527777777777786 0.10555555555555551
2 0.48611111111111105 0.5472222222222223 0.23888888888888887 0.16666666666666669
2 0.41944444444444445 0.26875 0.1444444444444445 0.08194444444444446
3 0.22604166666666667 0.3388888888888889 0.20902777777777776 0.10833333333333339
3 0.5111111111111111 0.3315972222222222 0.16111111111111115 0.09375
3 0.7583333333333333 0.3211805555555556 0.1333333333333333 0.08958333333333335
1 0.346875 0.43819444444444444 0.22152777777777777 0.1416666666666666
1 0.4288194444444444 0.16319444444444445 0.11875000000000002 0.06666666666666665
1 0.5319444444444444 0.19236111111111112 0.1333333333333333 0.06666666666666665
