0 0.6329861111111111 0.228125 0.1298611111111112 0.08263888888888887
0 0.2833333333333333 0.23055555555555557 0.1444444444444444 0.08333333333333334
0 0.12569444444444444 0.2881944444444444 0.20833333333333337 0.11250000000000002
2 0.6802083333333333 0.3920138888888889 0.15625 0.11041666666666661
2 0.5555555555555556 0.5322916666666667 0.2333333333333334 0.17569444444444438
2 0.44027777777777777 0.25416666666666665 0.14444444444444438 0.08055555555555557
3 0.2545138888888889 0.32743055555555556 0.20763888888888893 0.11458333333333337
3 0.5423611111111111 0.3128472222222222 0.1569444444444445 0.09791666666666665
3 0.7861111111111111 0.2972222222222222 0.12222222222222223 0.09166666666666667
1 0.40069444444444446 0.4239583333333333 0.21666666666666673 0.1381944444444445
1 0.43194444444444446 0.14652777777777778 0.1166666666666667 0.06666666666666665
1 0.5423611111111111 0.171875 0.12083333333333335 0.0673611111111111
