0 0.6072916666666667 0.17222222222222222 0.08125000000000004 0.07500000000000001
0 0.2798611111111111 0.2847222222222222 0.11527777777777781 0.09999999999999998
0 0.1829861111111111 0.4045138888888889 0.17708333333333331 0.15625
2 0.46111111111111114 0.25763888888888886 0.10555555555555557 0.09583333333333333
2 0.8 0.3072916666666667 0.09166666666666656 0.09930555555555554
2 0.8256944444444444 0.4670138888888889 0.12361111111111112 0.16875000000000007
3 0.36736111111111114 0.39895833333333336 0.1513888888888889 0.14930555555555558
3 0.61875 0.28055555555555556 0.09583333333333344 0.09999999999999998
3 0.7864583333333334 0.1920138888888889 0.08958333333333335 0.07291666666666669
1 0.34444444444444444 0.15347222222222223 0.08333333333333337 0.07083333333333332
1 0.4736111111111111 0.14756944444444445 0.08749999999999997 0.07708333333333334
1 0.6027777777777777 0.42986111111111114 0.12916666666666665 0.15833333333333338
