0 0.2899305555555556 0.14930555555555555 0.15347222222222223 0.0625
0 0.38090277777777776 0.36319444444444443 0.19791666666666663 0.09444444444444444
0 0.5777777777777777 0.44583333333333336 0.25555555555555554 0.1444444444444445
2 0.5381944444444444 0.11493055555555555 0.14861111111111108 0.06458333333333335
2 0.728125 0.14583333333333334 0.1812499999999999 0.07777777777777778
2 0.384375 0.25243055555555555 0.1729166666666666 0.07708333333333331
3 0.596875 0.3263888888888889 0.2270833333333333 0.10833333333333328
3 0.4677083333333334 0.1795138888888889 0.16458333333333336 0.06875000000000003
3 0.36875 0.08055555555555556 0.13749999999999996 0.05000000000000001
1 0.18958333333333333 0.2111111111111111 0.17222222222222225 0.07500000000000001
1 0.1388888888888889 0.29444444444444445 0.1875 0.07916666666666672
1 0.6711805555555556 0.22361111111111112 0.19791666666666674 0.08333333333333331
