0 0.45625 0.14305555555555555 0.13750000000000007 0.08333333333333331
0 0.32569444444444445 0.3576388888888889 0.16527777777777775 0.125
0 0.4166666666666667 0.5010416666666667 0.23333333333333328 0.1965277777777778
2 0.7229166666666667 0.1875 0.15416666666666679 0.0888888888888889
2 0.8944444444444445 0.2795138888888889 0.21111111111111103 0.12291666666666667
2 0.44027777777777777 0.26180555555555557 0.14444444444444438 0.10416666666666666
3 0.5479166666666667 0.4041666666666667 0.22083333333333338 0.1611111111111111
3 0.5864583333333333 0.22847222222222222 0.15625 0.10000000000000003
3 0.5989583333333334 0.10729166666666666 0.1312500000000001 0.06736111111111112
1 0.7451388888888889 0.33611111111111114 0.21666666666666656 0.15000000000000002
1 0.32083333333333336 0.16527777777777777 0.12638888888888888 0.08333333333333331
1 0.21180555555555555 0.21944444444444444 0.14166666666666666 0.09999999999999998
