0 0.4927083333333333 0.1625 0.08958333333333329 0.08055555555555555
0 0.19236111111111112 0.3211805555555556 0.09166666666666667 0.10624999999999996
0 0.1361111111111111 0.47118055555555555 0.15416666666666667 0.18541666666666667
2 0.728125 0.2701388888888889 0.11874999999999991 0.09583333333333333
2 0.8229166666666666 0.4201388888888889 0.1625000000000001 0.15416666666666667
2 0.37916666666666665 0.2659722222222222 0.08333333333333337 0.09583333333333333
3 0.33993055555555557 0.42430555555555555 0.1284722222222222 0.16249999999999998
3 0.54375 0.26805555555555555 0.11250000000000004 0.10416666666666666
3 0.6715277777777777 0.1597222222222222 0.10972222222222228 0.07500000000000001
1 0.5951388888888889 0.4197916666666667 0.15833333333333321 0.15763888888888888
1 0.34930555555555554 0.153125 0.07499999999999996 0.07569444444444445
1 0.21284722222222222 0.17395833333333333 0.08124999999999999 0.08402777777777781
