0 0.503125 0.1597222222222222 0.08958333333333335 0.08333333333333331
0 0.18715277777777778 0.31180555555555556 0.09375 0.10416666666666663
0 0.11840277777777777 0.4565972222222222 0.16458333333333336 0.17708333333333331
2 0.8072916666666666 0.4305555555555556 0.14375000000000004 0.15833333333333327
2 0.37569444444444444 0.2625 0.09305555555555556 0.09444444444444444
2 0.7277777777777777 0.2743055555555556 0.12222222222222223 0.09583333333333333
3 0.31805555555555554 0.4201388888888889 0.13055555555555554 0.15833333333333333
3 0.5458333333333333 0.2690972222222222 0.10416666666666669 0.10624999999999998
3 0.684375 0.1638888888888889 0.11041666666666661 0.08333333333333331
1 0.5815972222222222 0.42291666666666666 0.1479166666666667 0.16388888888888886
1 0.35868055555555556 0.14548611111111112 0.07708333333333339 0.07291666666666669
1 0.22604166666666667 0.16527777777777777 0.07847222222222222 0.08333333333333331
