0 0.5166666666666667 0.15555555555555556 0.07499999999999996 0.07500000000000001
0 0.18819444444444444 0.2878472222222222 0.10833333333333334 0.09791666666666665
0 0.09861111111111111 0.41770833333333335 0.17916666666666667 0.16319444444444442
2 0.7208333333333333 0.27708333333333335 0.10833333333333339 0.0986111111111111
2 0.7770833333333333 0.43368055555555557 0.12916666666666665 0.16875000000000007
2 0.37430555555555556 0.24791666666666667 0.09999999999999998 0.09027777777777779
3 0.2923611111111111 0.39618055555555554 0.14861111111111114 0.1479166666666667
3 0.5381944444444444 0.2625 0.0847222222222222 0.09444444444444444
3 0.6979166666666666 0.16354166666666667 0.09583333333333344 0.0715277777777778
1 0.5451388888888888 0.4125 0.125 0.1513888888888889
1 0.37430555555555556 0.13819444444444445 0.07916666666666661 0.07083333333333332
1 0.24618055555555557 0.15208333333333332 0.08958333333333335 0.06944444444444446
