0 0.6010416666666667 0.24513888888888888 0.1395833333333334 0.07083333333333336
0 0.2607638888888889 0.22708333333333333 0.14513888888888893 0.08194444444444443
0 0.0982638888888889 0.27708333333333335 0.1965277777777778 0.10138888888888886
2 0.4048611111111111 0.25972222222222224 0.14861111111111114 0.07499999999999998
2 0.609375 0.40868055555555555 0.1645833333333333 0.10624999999999996
2 0.44756944444444446 0.5375 0.24236111111111108 0.1555555555555556
3 0.20868055555555556 0.3190972222222222 0.20763888888888887 0.10624999999999996
3 0.490625 0.3263888888888889 0.1645833333333333 0.09166666666666667
3 0.7434027777777777 0.3177083333333333 0.13402777777777786 0.09513888888888888
1 0.32256944444444446 0.42569444444444443 0.22291666666666665 0.1333333333333333
1 0.42256944444444444 0.15590277777777778 0.12708333333333333 0.060416666666666674
1 0.5229166666666667 0.18506944444444445 0.13055555555555554 0.06874999999999998
