0 0.46875 0.15659722222222222 0.12083333333333335 0.08541666666666668
0 0.2722222222222222 0.35625 0.1347222222222222 0.12638888888888888
0 0.30451388888888886 0.5104166666666666 0.1909722222222222 0.20138888888888884
2 0.7333333333333333 0.22638888888888886 0.1499999999999999 0.09166666666666665
2 0.884375 0.33993055555555557 0.1937500000000001 0.13958333333333328
2 0.4152777777777778 0.2722222222222222 0.12222222222222223 0.10416666666666666
3 0.475 0.42430555555555555 0.19166666666666665 0.17083333333333328
3 0.5770833333333333 0.2513888888888889 0.14583333333333326 0.09999999999999998
3 0.6288194444444445 0.13055555555555556 0.1298611111111112 0.07500000000000001
1 0.7013888888888888 0.3798611111111111 0.2041666666666666 0.15416666666666667
1 0.3284722222222222 0.16770833333333332 0.10833333333333328 0.0798611111111111
1 0.20520833333333333 0.20798611111111115 0.11597222222222225 0.09791666666666668
