0 0.6520833333333333 0.20034722222222223 0.11250000000000004 0.07708333333333334
0 0.30277777777777776 0.2222222222222222 0.14444444444444446 0.08333333333333334
0 0.15381944444444445 0.28541666666666665 0.2020833333333333 0.11805555555555558
2 0.46458333333333335 0.2375 0.13749999999999996 0.0888888888888889
2 0.7270833333333333 0.36041666666666666 0.14583333333333326 0.1069444444444444
2 0.6270833333333333 0.5 0.22083333333333344 0.17222222222222228
3 0.29305555555555557 0.321875 0.20000000000000004 0.12152777777777779
3 0.5802083333333333 0.2947916666666667 0.14375000000000004 0.10069444444444442
3 0.8125 0.25972222222222224 0.10833333333333339 0.08750000000000002
1 0.45694444444444443 0.40902777777777777 0.20833333333333337 0.15000000000000002
1 0.5527777777777778 0.1517361111111111 0.1166666666666667 0.07291666666666669
1 0.4395833333333333 0.13020833333333334 0.11388888888888893 0.06597222222222221
