0 0.4027777777777778 0.1295138888888889 0.14722222222222225 0.07708333333333334
0 0.35833333333333334 0.3506944444444444 0.18611111111111112 0.12916666666666665
0 0.5027777777777778 0.4795138888888889 0.26388888888888884 0.19375000000000003
2 0.675 0.14097222222222222 0.15833333333333321 0.07916666666666666
2 0.8621527777777778 0.20694444444444443 0.20486111111111116 0.10833333333333331
2 0.4340277777777778 0.24305555555555552 0.1652777777777778 0.09166666666666665
3 0.59375 0.3638888888888889 0.24583333333333335 0.14166666666666672
3 0.5631944444444444 0.1909722222222222 0.16805555555555562 0.09583333333333333
3 0.5270833333333333 0.07708333333333334 0.13749999999999996 0.05972222222222223
1 0.7461805555555555 0.27569444444444446 0.2270833333333333 0.12083333333333335
1 0.27743055555555557 0.16770833333333332 0.15208333333333335 0.07847222222222222
1 0.18368055555555557 0.23229166666666667 0.1645833333333333 0.09097222222222223
