0 0.484375 0.1607638888888889 0.10624999999999996 0.08541666666666665
0 0.23576388888888888 0.33993055555555557 0.11180555555555557 0.11875000000000002
0 0.22534722222222223 0.49375 0.14930555555555552 0.20138888888888884
2 0.7319444444444444 0.2503472222222222 0.13611111111111107 0.09375
2 0.8572916666666667 0.38263888888888886 0.1812499999999999 0.14583333333333337
2 0.39444444444444443 0.2701388888888889 0.09444444444444444 0.09583333333333333
3 0.4083333333333333 0.4284722222222222 0.16666666666666663 0.16249999999999998
3 0.5652777777777778 0.25763888888888886 0.13055555555555554 0.10416666666666666
3 0.6520833333333333 0.14618055555555556 0.12083333333333335 0.07708333333333334
1 0.6576388888888889 0.4027777777777778 0.18333333333333335 0.15833333333333333
1 0.3420138888888889 0.16111111111111112 0.09375 0.07500000000000001
1 0.21180555555555555 0.19444444444444445 0.10000000000000003 0.09166666666666667
