0 0.4756944444444444 0.14305555555555555 0.13194444444444442 0.08333333333333331
0 0.33194444444444443 0.353125 0.1611111111111111 0.12430555555555556
0 0.41458333333333336 0.5020833333333333 0.22916666666666663 0.20138888888888884
2 0.7427083333333333 0.19166666666666668 0.15208333333333335 0.0888888888888889
2 0.90625 0.29305555555555557 0.1875 0.125
2 0.45381944444444444 0.2604166666666667 0.1381944444444445 0.10138888888888886
3 0.5489583333333333 0.40625 0.21875 0.1597222222222222
3 0.6020833333333333 0.22708333333333336 0.15416666666666679 0.09305555555555559
3 0.6197916666666666 0.10972222222222222 0.1312500000000001 0.07500000000000001
1 0.3368055555555556 0.1642361111111111 0.125 0.08124999999999999
1 0.22604166666666667 0.2121527777777778 0.14097222222222222 0.09791666666666668
1 0.7576388888888889 0.3434027777777778 0.21666666666666656 0.14374999999999993
