0 0.5989583333333334 0.2388888888888889 0.13541666666666674 0.07500000000000001
0 0.26180555555555557 0.21909722222222222 0.14305555555555557 0.07708333333333331
0 0.0982638888888889 0.2638888888888889 0.1965277777777778 0.09999999999999998
2 0.4027777777777778 0.25416666666666665 0.14444444444444438 0.07777777777777775
2 0.59375 0.3993055555555556 0.1708333333333334 0.09583333333333333
2 0.42777777777777776 0.5177083333333333 0.23611111111111105 0.15347222222222223
3 0.20451388888888888 0.3104166666666667 0.20763888888888893 0.1069444444444444
3 0.48333333333333334 0.3145833333333333 0.16666666666666663 0.09305555555555556
3 0.7333333333333333 0.31180555555555556 0.1416666666666666 0.09583333333333333
1 0.31006944444444445 0.409375 0.21875 0.13263888888888886
1 0.42777777777777776 0.1517361111111111 0.125 0.060416666666666674
1 0.5277777777777778 0.1829861111111111 0.1333333333333333 0.06458333333333333
