0 0.36319444444444443 0.12604166666666666 0.14861111111111114 0.07152777777777776
0 0.3590277777777778 0.34375 0.19027777777777777 0.10972222222222228
0 0.5194444444444445 0.4545138888888889 0.26388888888888884 0.16874999999999996
2 0.6260416666666667 0.12013888888888889 0.15625 0.07083333333333333
2 0.8145833333333333 0.17222222222222222 0.1958333333333333 0.09166666666666667
2 0.4131944444444444 0.23576388888888888 0.16527777777777775 0.08958333333333335
3 0.5885416666666666 0.33993055555555557 0.2354166666666666 0.12291666666666667
3 0.525 0.17465277777777777 0.1694444444444445 0.08124999999999999
3 0.47291666666666665 0.06805555555555555 0.13749999999999996 0.05833333333333333
1 0.7180555555555556 0.24340277777777777 0.22083333333333344 0.10625000000000001
1 0.24409722222222222 0.1736111111111111 0.1520833333333333 0.07500000000000001
1 0.16597222222222222 0.24131944444444445 0.175 0.08541666666666664
