0 0.5479166666666667 0.2638888888888889 0.09583333333333344 0.1416666666666667
0 0.48715277777777777 0.40555555555555556 0.07986111111111116 0.12083333333333335
0 0.42083333333333334 0.5083333333333333 0.10833333333333328 0.13055555555555554
2 0.384375 0.21041666666666667 0.08125000000000004 0.13194444444444448
2 0.3840277777777778 0.3524305555555556 0.07638888888888895 0.12291666666666667
2 0.33819444444444446 0.49583333333333335 0.09305555555555556 0.12777777777777777
3 0.14965277777777777 0.4753472222222222 0.08958333333333335 0.13124999999999998
3 0.23020833333333332 0.2920138888888889 0.08263888888888887 0.12291666666666667
3 0.24618055555555557 0.15555555555555556 0.11597222222222225 0.1333333333333333
1 0.7486111111111111 0.32708333333333334 0.07638888888888884 0.13194444444444442
1 0.6152777777777778 0.44791666666666663 0.06666666666666665 0.11805555555555552
1 0.5881944444444445 0.5631944444444444 0.0708333333333333 0.125
