0 0.5399305555555556 0.2569444444444444 0.0854166666666667 0.13749999999999998
0 0.4916666666666667 0.40347222222222223 0.07500000000000001 0.12083333333333335
0 0.434375 0.5097222222222222 0.1020833333333333 0.1333333333333333
2 0.37395833333333334 0.2125 0.06874999999999998 0.1305555555555556
2 0.3854166666666667 0.3579861111111111 0.0708333333333333 0.12152777777777779
2 0.3458333333333333 0.5034722222222222 0.08333333333333337 0.12916666666666665
3 0.16319444444444445 0.4930555555555556 0.08333333333333331 0.125
3 0.22361111111111112 0.3055555555555556 0.07083333333333336 0.1166666666666667
3 0.23055555555555557 0.16979166666666667 0.1097222222222222 0.13402777777777775
1 0.6069444444444444 0.5475694444444444 0.06666666666666665 0.11874999999999997
1 0.6256944444444444 0.4309027777777778 0.0625 0.12291666666666667
1 0.7413194444444444 0.3 0.09236111111111112 0.13055555555555554
