0 0.6013888888888889 0.3576388888888889 0.1416666666666666 0.13750000000000007
0 0.471875 0.44513888888888886 0.11458333333333337 0.12083333333333335
0 0.3590277777777778 0.48680555555555555 0.12638888888888888 0.09999999999999998
2 0.4954861111111111 0.22916666666666663 0.1298611111111111 0.12777777777777774
2 0.41770833333333335 0.3458333333333333 0.11875000000000002 0.11944444444444446
2 0.29409722222222223 0.4357638888888889 0.1284722222222222 0.11875000000000002
3 0.16319444444444445 0.32083333333333336 0.125 0.11111111111111105
3 0.32534722222222223 0.21145833333333333 0.1118055555555556 0.10069444444444448
3 0.4131944444444444 0.1125 0.1347222222222222 0.10555555555555554
1 0.7430555555555556 0.5184027777777778 0.11805555555555558 0.15625
1 0.5614583333333333 0.5479166666666667 0.11597222222222214 0.12638888888888888
1 0.46979166666666666 0.6256944444444444 0.12430555555555556 0.1333333333333333
