0 0.5875 0.30416666666666664 0.1166666666666667 0.14444444444444446
0 0.49375 0.42951388888888886 0.10416666666666669 0.12291666666666667
0 0.41041666666666665 0.5145833333333333 0.12083333333333335 0.12361111111111112
2 0.4427083333333333 0.21875 0.10624999999999996 0.14305555555555552
2 0.40902777777777777 0.3597222222222222 0.10138888888888886 0.1166666666666667
2 0.32743055555555556 0.48125000000000007 0.1201388888888889 0.13194444444444448
3 0.1579861111111111 0.41597222222222224 0.09791666666666665 0.125
3 0.2746527777777778 0.25972222222222224 0.09652777777777777 0.1166666666666667
3 0.3232638888888889 0.1326388888888889 0.1284722222222222 0.1291666666666667
1 0.76875 0.409375 0.07916666666666661 0.14097222222222217
1 0.6121527777777778 0.4996527777777778 0.08958333333333335 0.11875000000000002
1 0.5611111111111111 0.6038194444444445 0.09166666666666656 0.12291666666666656
