0 0.3625 0.184375 0.1333333333333333 0.12152777777777779
0 0.4527777777777778 0.29305555555555557 0.11111111111111105 0.10833333333333331
0 0.5090277777777777 0.38958333333333334 0.10694444444444445 0.11527777777777781
2 0.23472222222222222 0.2878472222222222 0.13888888888888892 0.11458333333333334
2 0.35833333333333334 0.35104166666666664 0.1166666666666667 0.10486111111111107
2 0.459375 0.4555555555555555 0.11041666666666661 0.11666666666666664
3 0.10902777777777778 0.3763888888888889 0.125 0.1333333333333333
3 0.22743055555555552 0.4493055555555555 0.12013888888888888 0.11249999999999999
3 0.35 0.5961805555555556 0.125 0.11458333333333326
1 0.5416666666666666 0.21423611111111113 0.11805555555555558 0.09791666666666668
1 0.621875 0.2864583333333333 0.1201388888888888 0.09652777777777777
1 0.4986111111111111 0.06145833333333334 0.13749999999999996 0.09513888888888888
