0 0.5989583333333334 0.3732638888888889 0.1479166666666667 0.12291666666666667
0 0.45381944444444444 0.43680555555555556 0.12847222222222215 0.10416666666666663
0 0.3368055555555556 0.46875 0.12222222222222223 0.09027777777777773
2 0.5131944444444444 0.22951388888888885 0.1347222222222222 0.12291666666666665
2 0.41805555555555557 0.33229166666666665 0.125 0.09930555555555554
2 0.2833333333333333 0.4010416666666667 0.12777777777777777 0.1118055555555556
3 0.16979166666666667 0.2701388888888889 0.1201388888888889 0.10416666666666666
3 0.3458333333333333 0.18888888888888888 0.1166666666666667 0.09999999999999998
3 0.44895833333333335 0.10486111111111111 0.1395833333333334 0.0875
1 0.4263888888888889 0.6239583333333333 0.12916666666666665 0.1298611111111112
1 0.5263888888888889 0.5548611111111111 0.12916666666666665 0.12083333333333335
1 0.7152777777777778 0.5548611111111111 0.13194444444444442 0.14999999999999997
