0 0.6041666666666666 0.37222222222222223 0.1416666666666666 0.125
0 0.4625 0.4354166666666667 0.125 0.10138888888888886
0 0.3388888888888889 0.4649305555555555 0.12638888888888888 0.08541666666666664
2 0.5194444444444445 0.23125 0.14444444444444438 0.12638888888888888
2 0.42291666666666666 0.3326388888888889 0.12083333333333335 0.10416666666666663
2 0.2881944444444444 0.3972222222222222 0.13194444444444442 0.09999999999999998
3 0.17569444444444443 0.2638888888888889 0.125 0.09999999999999998
3 0.35208333333333336 0.1875 0.12083333333333335 0.09722222222222221
3 0.45902777777777776 0.10034722222222223 0.14027777777777783 0.08958333333333335
1 0.7149305555555555 0.5527777777777778 0.13263888888888897 0.15416666666666673
1 0.5267361111111111 0.5548611111111111 0.12708333333333327 0.1166666666666667
1 0.4288194444444444 0.615625 0.13124999999999998 0.12152777777777768
