0 0.3527777777777778 0.24166666666666664 0.13611111111111107 0.09444444444444441
0 0.48124999999999996 0.3055555555555556 0.11249999999999999 0.08333333333333337
0 0.5673611111111111 0.36875 0.11805555555555558 0.0986111111111111
2 0.27395833333333336 0.3795138888888889 0.13819444444444443 0.08125000000000004
2 0.41805555555555557 0.3920138888888889 0.125 0.0854166666666667
2 0.5465277777777777 0.44722222222222224 0.12361111111111112 0.08750000000000002
3 0.19791666666666666 0.509375 0.14305555555555555 0.11319444444444443
3 0.33576388888888886 0.5347222222222222 0.1201388888888889 0.08333333333333331
3 0.5052083333333334 0.6149305555555555 0.12291666666666662 0.08958333333333335
1 0.43194444444444446 0.08194444444444444 0.125 0.0625
1 0.528125 0.20173611111111112 0.10902777777777772 0.06874999999999998
1 0.6267361111111112 0.23402777777777778 0.11041666666666661 0.06666666666666665
