0 0.359375 0.1875 0.13124999999999998 0.11388888888888887
0 0.45694444444444443 0.290625 0.11111111111111105 0.10069444444444442
0 0.5173611111111112 0.38263888888888886 0.10694444444444445 0.11250000000000004
2 0.2378472222222222 0.2972222222222222 0.13263888888888886 0.10833333333333331
2 0.36527777777777776 0.35208333333333336 0.12222222222222223 0.10138888888888886
2 0.46979166666666666 0.44513888888888886 0.11458333333333337 0.11250000000000004
3 0.11979166666666667 0.39166666666666666 0.12152777777777776 0.13611111111111107
3 0.24027777777777776 0.4565972222222222 0.11944444444444444 0.10624999999999996
3 0.3729166666666667 0.5930555555555556 0.12083333333333335 0.1166666666666667
1 0.5423611111111111 0.20416666666666666 0.11250000000000004 0.09444444444444444
1 0.6208333333333333 0.27361111111111114 0.11527777777777781 0.08750000000000002
1 0.4902777777777778 0.0611111111111111 0.13333333333333336 0.0875
