0 0.3958333333333333 0.18541666666666667 0.125 0.12638888888888888
0 0.4739583333333333 0.30868055555555557 0.11041666666666672 0.11041666666666672
0 0.5173611111111112 0.4125 0.0930555555555555 0.11388888888888893
2 0.2548611111111111 0.27326388888888886 0.14027777777777775 0.12708333333333333
2 0.3715277777777778 0.35520833333333335 0.11527777777777781 0.11319444444444449
2 0.4552083333333333 0.4701388888888889 0.10624999999999996 0.12083333333333335
3 0.1204861111111111 0.3458333333333333 0.11041666666666665 0.14444444444444438
3 0.22743055555555555 0.43472222222222223 0.11180555555555555 0.1166666666666667
3 0.3315972222222222 0.5958333333333333 0.1201388888888889 0.12777777777777777
1 0.6440972222222222 0.31875 0.11597222222222214 0.1069444444444444
1 0.5760416666666667 0.23819444444444443 0.11180555555555549 0.09999999999999998
1 0.5548611111111111 0.0798611111111111 0.12916666666666665 0.10416666666666669
