0 0.33368055555555554 0.27847222222222223 0.13263888888888886 0.07916666666666664
0 0.4739583333333333 0.31805555555555554 0.11041666666666672 0.06666666666666665
0 0.575 0.3659722222222222 0.1166666666666667 0.08750000000000002
2 0.2847222222222222 0.42916666666666664 0.13055555555555554 0.07222222222222219
2 0.4270833333333333 0.4166666666666667 0.11250000000000004 0.06388888888888888
2 0.5666666666666667 0.44583333333333336 0.1166666666666667 0.07222222222222219
3 0.23159722222222223 0.5722222222222222 0.14513888888888893 0.10000000000000009
3 0.3729166666666667 0.5680555555555555 0.12083333333333335 0.06666666666666665
3 0.5590277777777778 0.6180555555555556 0.11805555555555558 0.06666666666666665
1 0.603125 0.22395833333333334 0.10763888888888884 0.04652777777777778
1 0.5017361111111112 0.209375 0.1020833333333333 0.04930555555555555
1 0.38506944444444446 0.10555555555555556 0.11875000000000002 0.06666666666666668
