0 0.5975694444444445 0.3625 0.14236111111111116 0.12777777777777777
0 0.465625 0.44166666666666665 0.12291666666666667 0.10555555555555551
0 0.34652777777777777 0.48125 0.12638888888888888 0.10138888888888886
2 0.5020833333333333 0.22812499999999997 0.12916666666666665 0.12569444444444441
2 0.41215277777777776 0.34305555555555556 0.1201388888888889 0.09999999999999998
2 0.28715277777777776 0.42083333333333334 0.12569444444444444 0.11111111111111105
3 0.16041666666666668 0.29930555555555555 0.12361111111111112 0.10416666666666666
3 0.3284722222222222 0.2013888888888889 0.11388888888888893 0.09999999999999998
3 0.4239583333333333 0.10833333333333334 0.1395833333333334 0.09444444444444444
1 0.5447916666666667 0.5510416666666667 0.11736111111111108 0.11736111111111108
1 0.4506944444444444 0.6246527777777777 0.12083333333333329 0.12291666666666656
1 0.7270833333333333 0.5305555555555556 0.12222222222222223 0.14999999999999997
