0 0.4215277777777778 0.18020833333333333 0.11527777777777781 0.12986111111111115
0 0.47673611111111114 0.3090277777777778 0.09930555555555554 0.11250000000000004
0 0.5048611111111111 0.41875 0.08194444444444443 0.11805555555555558
2 0.2701388888888889 0.24618055555555557 0.12222222222222223 0.13124999999999998
2 0.37083333333333335 0.3440972222222222 0.09999999999999998 0.11875000000000002
2 0.4361111111111111 0.46875 0.09722222222222221 0.12638888888888888
3 0.2923611111111111 0.5784722222222223 0.10694444444444443 0.12916666666666665
3 0.215625 0.4013888888888889 0.1048611111111111 0.1166666666666667
3 0.12708333333333333 0.2972222222222222 0.09305555555555556 0.1333333333333333
1 0.6482638888888889 0.346875 0.10763888888888884 0.10902777777777783
1 0.5913194444444444 0.25798611111111114 0.10624999999999996 0.10624999999999998
1 0.5934027777777777 0.09756944444444444 0.1312500000000001 0.11458333333333334
