0 0.346875 0.25833333333333336 0.13541666666666663 0.08055555555555557
0 0.48124999999999996 0.3107638888888889 0.11249999999999999 0.07291666666666663
0 0.5729166666666666 0.36701388888888886 0.12083333333333335 0.08958333333333335
2 0.2826388888888889 0.4041666666666667 0.1347222222222222 0.07222222222222219
2 0.4239583333333333 0.40243055555555557 0.11875000000000002 0.07291666666666663
2 0.559375 0.44513888888888886 0.12291666666666662 0.07916666666666661
3 0.2170138888888889 0.5357638888888889 0.1409722222222222 0.11041666666666661
3 0.3572916666666667 0.5479166666666667 0.12291666666666667 0.07361111111111107
3 0.5361111111111111 0.6125 0.12222222222222223 0.08055555555555549
1 0.6177083333333333 0.22638888888888886 0.11180555555555549 0.05833333333333332
1 0.5173611111111112 0.2048611111111111 0.10833333333333339 0.05833333333333335
1 0.4114583333333333 0.09652777777777778 0.12430555555555556 0.05833333333333332
