0 0.409375 0.1857638888888889 0.12291666666666667 0.13124999999999998
0 0.47395833333333337 0.31145833333333334 0.10208333333333336 0.10902777777777783
0 0.509375 0.41909722222222223 0.08958333333333335 0.11875000000000002
2 0.25798611111111114 0.25972222222222224 0.1298611111111111 0.1333333333333333
2 0.36770833333333336 0.35208333333333336 0.09791666666666665 0.10972222222222217
2 0.4427083333333333 0.4722222222222222 0.1020833333333333 0.125
3 0.3107638888888889 0.5920138888888888 0.1118055555555556 0.12291666666666656
3 0.22152777777777777 0.4232638888888889 0.10833333333333336 0.11875000000000002
3 0.12083333333333333 0.32430555555555557 0.10277777777777777 0.13750000000000007
1 0.6461805555555555 0.33645833333333336 0.11180555555555549 0.10486111111111107
1 0.5819444444444445 0.24861111111111112 0.10833333333333339 0.10416666666666666
1 0.5725694444444445 0.09131944444444443 0.13541666666666674 0.11041666666666665
