0 0.5979166666666667 0.33125 0.13749999999999996 0.14027777777777783
0 0.4809027777777778 0.43159722222222224 0.1159722222222222 0.12291666666666667
0 0.3767361111111111 0.49826388888888895 0.12569444444444444 0.10625000000000001
2 0.4739583333333333 0.22013888888888888 0.11875000000000002 0.13749999999999998
2 0.41458333333333336 0.34305555555555556 0.11250000000000004 0.1166666666666667
2 0.3055555555555556 0.4493055555555555 0.12222222222222223 0.12083333333333329
3 0.153125 0.35347222222222224 0.11319444444444443 0.12083333333333335
3 0.29930555555555555 0.2263888888888889 0.10555555555555554 0.11666666666666664
3 0.37395833333333334 0.11145833333333334 0.13541666666666663 0.11736111111111111
1 0.759375 0.47187499999999993 0.10624999999999996 0.14930555555555552
1 0.5822916666666667 0.5277777777777778 0.10902777777777772 0.12083333333333335
1 0.50625 0.615625 0.11111111111111116 0.13680555555555562
