0 0.35833333333333334 0.19027777777777777 0.1333333333333333 0.10833333333333334
0 0.4704861111111111 0.28402777777777777 0.1118055555555556 0.09583333333333333
0 0.5395833333333333 0.3680555555555556 0.11250000000000004 0.10833333333333339
2 0.25243055555555555 0.31180555555555556 0.13680555555555554 0.10416666666666663
2 0.3854166666666667 0.35555555555555557 0.12083333333333335 0.09166666666666667
2 0.5020833333333333 0.4378472222222222 0.12083333333333335 0.1020833333333333
3 0.146875 0.41805555555555557 0.13263888888888892 0.1333333333333333
3 0.27361111111111114 0.47291666666666665 0.11944444444444446 0.10138888888888892
3 0.421875 0.5930555555555556 0.12708333333333333 0.10833333333333339
1 0.4756944444444444 0.048611111111111105 0.12916666666666665 0.07916666666666666
1 0.5427083333333333 0.19131944444444443 0.11319444444444443 0.0854166666666667
1 0.6291666666666667 0.246875 0.11805555555555558 0.08402777777777781
