0 0.3260416666666667 0.2795138888888889 0.13402777777777775 0.06874999999999998
0 0.4684027777777778 0.3138888888888889 0.10902777777777783 0.05833333333333335
0 0.571875 0.35520833333333335 0.11874999999999991 0.07847222222222228
2 0.2875 0.4340277777777778 0.12777777777777777 0.0625
2 0.428125 0.4128472222222222 0.11041666666666661 0.060416666666666674
2 0.565625 0.43368055555555557 0.11458333333333326 0.06874999999999998
3 0.2420138888888889 0.5795138888888889 0.14097222222222222 0.10624999999999996
3 0.38333333333333336 0.5680555555555555 0.1166666666666667 0.05833333333333335
3 0.5697916666666667 0.6055555555555555 0.11458333333333326 0.06666666666666665
1 0.36666666666666664 0.10902777777777778 0.12361111111111112 0.07500000000000001
1 0.490625 0.20069444444444445 0.10069444444444442 0.04999999999999999
1 0.5954861111111112 0.21354166666666666 0.10624999999999996 0.05069444444444443
