0 0.5072916666666667 0.22847222222222222 0.07708333333333339 0.1291666666666667
0 0.4965277777777778 0.3770833333333333 0.06805555555555554 0.11527777777777781
0 0.465625 0.48888888888888893 0.07708333333333328 0.12500000000000006
2 0.33784722222222224 0.22361111111111112 0.08958333333333335 0.1375
2 0.38229166666666664 0.35868055555555556 0.06874999999999998 0.11875000000000002
2 0.37881944444444443 0.5024305555555556 0.06319444444444444 0.11874999999999997
3 0.20104166666666667 0.5388888888888889 0.0673611111111111 0.125
3 0.21319444444444444 0.34479166666666666 0.06666666666666665 0.11597222222222225
3 0.1840277777777778 0.2107638888888889 0.08333333333333331 0.13125000000000003
1 0.7065972222222222 0.22777777777777777 0.10763888888888884 0.1291666666666667
1 0.6256944444444444 0.3767361111111111 0.07499999999999996 0.11458333333333337
1 0.6319444444444444 0.4892361111111111 0.07499999999999996 0.11874999999999997
