0 0.3559027777777778 0.22638888888888886 0.13402777777777775 0.09166666666666665
0 0.47916666666666663 0.29930555555555555 0.11666666666666664 0.08750000000000002
0 0.5652777777777778 0.3659722222222222 0.11388888888888893 0.10416666666666663
2 0.2701388888888889 0.36493055555555554 0.14305555555555557 0.08958333333333335
2 0.4083333333333333 0.3836805555555556 0.12083333333333335 0.0854166666666667
2 0.5402777777777777 0.44305555555555554 0.12222222222222223 0.09166666666666667
3 0.18506944444444445 0.48993055555555554 0.14374999999999996 0.11874999999999997
3 0.32395833333333335 0.5201388888888889 0.12152777777777779 0.08749999999999997
3 0.4902777777777778 0.6107638888888889 0.12777777777777782 0.08958333333333335
1 0.44131944444444443 0.06944444444444445 0.12291666666666667 0.0625
1 0.5340277777777778 0.19340277777777778 0.11250000000000004 0.06875000000000003
1 0.6302083333333334 0.23298611111111112 0.11319444444444438 0.06458333333333333
