0 0.3295138888888889 0.2826388888888889 0.13263888888888886 0.0708333333333333
0 0.46944444444444444 0.3159722222222222 0.11111111111111116 0.06666666666666665
0 0.56875 0.3628472222222222 0.12083333333333335 0.08125000000000004
2 0.2857638888888889 0.4361111111111111 0.1284722222222222 0.05833333333333335
2 0.4270833333333333 0.41875 0.11250000000000004 0.05972222222222223
2 0.5684027777777778 0.44305555555555554 0.11736111111111103 0.06666666666666665
3 0.2361111111111111 0.5791666666666667 0.14444444444444446 0.10555555555555562
3 0.37916666666666665 0.5708333333333333 0.1166666666666667 0.06388888888888888
3 0.565625 0.6138888888888889 0.11874999999999991 0.0625
1 0.3736111111111111 0.11006944444444444 0.125 0.06874999999999999
1 0.49479166666666674 0.20798611111111112 0.09930555555555559 0.04791666666666666
1 0.5989583333333334 0.221875 0.10763888888888884 0.04930555555555555
