0 0.5913194444444444 0.31354166666666666 0.1201388888888888 0.13819444444444443
0 0.48958333333333326 0.43333333333333335 0.11249999999999999 0.12222222222222223
0 0.39791666666666664 0.5128472222222222 0.12916666666666665 0.12291666666666662
2 0.453125 0.22013888888888888 0.11041666666666661 0.13749999999999998
2 0.409375 0.3541666666666667 0.1020833333333333 0.13055555555555554
2 0.32048611111111114 0.47638888888888886 0.11319444444444449 0.125
3 0.15694444444444444 0.4 0.11249999999999999 0.12777777777777777
3 0.28194444444444444 0.24722222222222223 0.10277777777777775 0.1166666666666667
3 0.3420138888888889 0.1284722222222222 0.13263888888888886 0.12916666666666665
1 0.6048611111111111 0.5090277777777777 0.09583333333333344 0.125
1 0.5423611111111111 0.6121527777777778 0.10416666666666669 0.1312500000000001
1 0.7673611111111112 0.43020833333333336 0.0888888888888888 0.14236111111111105
