0 0.603125 0.3458333333333333 0.1312500000000001 0.13611111111111107
0 0.47916666666666663 0.43680555555555556 0.11666666666666664 0.12083333333333335
0 0.36944444444444446 0.49166666666666664 0.13055555555555554 0.10555555555555551
2 0.4864583333333333 0.22395833333333334 0.12291666666666662 0.13263888888888892
2 0.4166666666666667 0.3451388888888889 0.1166666666666667 0.11250000000000004
2 0.3013888888888889 0.4427083333333333 0.125 0.1118055555555556
3 0.15902777777777777 0.33784722222222224 0.11666666666666668 0.11458333333333337
3 0.31493055555555555 0.21909722222222222 0.1118055555555556 0.11458333333333334
3 0.3954861111111111 0.1138888888888889 0.13680555555555562 0.10833333333333335
1 0.5756944444444444 0.5392361111111111 0.11250000000000004 0.12708333333333338
1 0.4881944444444444 0.6239583333333333 0.11249999999999999 0.1284722222222221
1 0.7513888888888889 0.49444444444444446 0.10833333333333339 0.14999999999999997
