0 0.36319444444444443 0.18993055555555555 0.13194444444444442 0.11041666666666666
0 0.46458333333333335 0.2864583333333333 0.11250000000000004 0.09930555555555554
0 0.53125 0.37222222222222223 0.11250000000000004 0.10833333333333339
2 0.24722222222222223 0.30104166666666665 0.13888888888888887 0.10347222222222219
2 0.3767361111111111 0.3524305555555556 0.11597222222222225 0.09375
2 0.48749999999999993 0.43993055555555555 0.11666666666666664 0.10624999999999996
3 0.396875 0.5920138888888888 0.12291666666666667 0.11041666666666661
3 0.2586805555555556 0.46597222222222223 0.1201388888888889 0.09583333333333338
3 0.134375 0.403125 0.12569444444444444 0.13402777777777775
1 0.6309027777777778 0.2569444444444444 0.11458333333333326 0.08750000000000002
1 0.5444444444444444 0.19479166666666667 0.1166666666666667 0.08680555555555552
1 0.48263888888888895 0.053125000000000006 0.13333333333333336 0.0798611111111111
