0 0.4652777777777778 0.2013888888888889 0.1027777777777778 0.1333333333333333
0 0.5034722222222222 0.3416666666666667 0.08749999999999997 0.11111111111111116
0 0.5111111111111111 0.45243055555555556 0.06944444444444442 0.11874999999999997
2 0.30659722222222224 0.24305555555555555 0.1118055555555556 0.13333333333333336
2 0.3902777777777778 0.35659722222222223 0.0888888888888889 0.11875000000000002
2 0.4354166666666667 0.49201388888888886 0.08750000000000002 0.12708333333333338
3 0.2777777777777778 0.5770833333333333 0.09444444444444444 0.1347222222222222
3 0.23055555555555557 0.3920138888888889 0.09305555555555556 0.11875000000000002
3 0.159375 0.27361111111111114 0.0840277777777778 0.125
1 0.6614583333333334 0.4017361111111111 0.10069444444444442 0.11875000000000002
1 0.6204861111111111 0.303125 0.1020833333333333 0.11180555555555557
1 0.6482638888888889 0.1423611111111111 0.12430555555555567 0.11666666666666668
