0 0.346875 0.2534722222222222 0.13541666666666663 0.08750000000000002
0 0.47916666666666663 0.3128472222222222 0.11666666666666664 0.07708333333333328
0 0.5694444444444444 0.37083333333333335 0.11388888888888893 0.09722222222222221
2 0.2763888888888889 0.3972222222222222 0.1347222222222222 0.07499999999999996
2 0.4184027777777778 0.40347222222222223 0.11736111111111114 0.0708333333333333
2 0.5506944444444445 0.45 0.12638888888888888 0.0888888888888889
3 0.20590277777777777 0.5274305555555555 0.13958333333333336 0.11458333333333331
3 0.34479166666666666 0.5472222222222223 0.12291666666666667 0.08333333333333326
3 0.5208333333333334 0.6190972222222222 0.125 0.08125000000000004
1 0.6215277777777778 0.23298611111111112 0.11250000000000004 0.06458333333333333
1 0.5236111111111111 0.20590277777777777 0.10833333333333339 0.06458333333333333
1 0.41944444444444445 0.09166666666666666 0.125 0.05555555555555555
