0 0.3420138888888889 0.2659722222222222 0.13263888888888886 0.07499999999999998
0 0.4770833333333333 0.3138888888888889 0.11249999999999999 0.06666666666666665
0 0.575 0.36701388888888886 0.1166666666666667 0.0854166666666667
2 0.284375 0.4128472222222222 0.13402777777777775 0.07291666666666663
2 0.42569444444444443 0.4076388888888889 0.11527777777777781 0.0708333333333333
2 0.5642361111111112 0.44722222222222224 0.11736111111111103 0.07499999999999996
3 0.2204861111111111 0.5545138888888889 0.1465277777777778 0.11458333333333331
3 0.365625 0.5607638888888888 0.11875000000000002 0.06875000000000009
3 0.5479166666666667 0.6145833333333334 0.12083333333333335 0.06805555555555554
1 0.39895833333333336 0.10277777777777777 0.11736111111111114 0.07083333333333335
1 0.5121527777777778 0.203125 0.10624999999999996 0.06180555555555556
1 0.6135416666666667 0.22569444444444442 0.10486111111111107 0.05833333333333332
