0 0.47395833333333326 0.21597222222222223 0.09374999999999994 0.12916666666666665
0 0.48541666666666666 0.3625 0.07916666666666672 0.11111111111111105
0 0.4756944444444444 0.475 0.05972222222222223 0.11388888888888893
2 0.3076388888888889 0.2388888888888889 0.09722222222222221 0.13333333333333336
2 0.3729166666666667 0.3614583333333333 0.07916666666666661 0.11736111111111114
2 0.39375 0.5020833333333333 0.0708333333333333 0.12638888888888888
3 0.22569444444444445 0.5659722222222222 0.08333333333333331 0.12916666666666665
3 0.2048611111111111 0.3763888888888889 0.07500000000000001 0.1166666666666667
3 0.15625 0.24722222222222223 0.06805555555555554 0.125
1 0.6690972222222222 0.1892361111111111 0.11597222222222214 0.12708333333333333
1 0.6125 0.34270833333333334 0.08472222222222214 0.11736111111111114
1 0.6381944444444444 0.4527777777777777 0.08749999999999991 0.12083333333333329
