0 0.4798611111111111 0.21041666666666667 0.0986111111111111 0.13194444444444448
0 0.503125 0.353125 0.08125000000000004 0.11736111111111114
0 0.5017361111111112 0.46597222222222223 0.059027777777777735 0.11250000000000004
2 0.31319444444444444 0.24375 0.0986111111111111 0.13194444444444448
2 0.38958333333333334 0.3607638888888889 0.08750000000000002 0.12291666666666667
2 0.425 0.4986111111111111 0.07499999999999996 0.125
3 0.26145833333333335 0.5763888888888888 0.08819444444444446 0.125
3 0.22673611111111108 0.3857638888888889 0.08958333333333332 0.12291666666666667
3 0.1684027777777778 0.26493055555555556 0.07291666666666669 0.13124999999999998
1 0.6607638888888889 0.42916666666666664 0.09097222222222223 0.12222222222222223
1 0.6267361111111112 0.32569444444444445 0.09375 0.1166666666666667
1 0.6680555555555555 0.165625 0.12083333333333335 0.1201388888888889
