0 0.5319444444444444 0.2375 0.07222222222222219 0.12777777777777777
0 0.5083333333333333 0.3875 0.05833333333333335 0.11388888888888893
0 0.47187499999999993 0.49930555555555556 0.08541666666666664 0.12916666666666665
2 0.3614583333333333 0.22083333333333333 0.08125000000000004 0.13055555555555554
2 0.396875 0.35868055555555556 0.06458333333333333 0.11875000000000002
2 0.38333333333333336 0.5072916666666667 0.0708333333333333 0.1243055555555555
3 0.20069444444444445 0.528125 0.06666666666666665 0.1243055555555555
3 0.2302083333333333 0.33541666666666664 0.05902777777777776 0.11527777777777781
3 0.20972222222222225 0.19791666666666666 0.09583333333333335 0.13472222222222224
1 0.6427083333333333 0.5111111111111111 0.07013888888888897 0.12083333333333335
1 0.6381944444444444 0.3954861111111111 0.0625 0.11041666666666661
1 0.7326388888888888 0.2517361111111111 0.10138888888888897 0.13124999999999998
