0 0.48333333333333334 0.21736111111111112 0.08333333333333337 0.12916666666666665
0 0.4819444444444445 0.36493055555555554 0.06944444444444448 0.11041666666666661
0 0.46145833333333336 0.4805555555555555 0.06874999999999998 0.12083333333333329
2 0.31354166666666666 0.22604166666666667 0.09236111111111112 0.13680555555555557
2 0.36944444444444446 0.3576388888888889 0.07222222222222219 0.1166666666666667
2 0.378125 0.5034722222222222 0.06458333333333333 0.125
3 0.20381944444444444 0.5534722222222223 0.07291666666666669 0.12916666666666665
3 0.20069444444444445 0.3597222222222222 0.07500000000000001 0.1166666666666667
3 0.159375 0.22604166666666667 0.08263888888888887 0.12986111111111115
1 0.628125 0.4652777777777778 0.08402777777777781 0.12083333333333335
1 0.6131944444444445 0.3559027777777778 0.07916666666666661 0.11458333333333337
1 0.6784722222222223 0.20590277777777777 0.10972222222222228 0.12708333333333333
