0 0.5944444444444444 0.32430555555555557 0.12777777777777777 0.13750000000000007
0 0.48819444444444443 0.4326388888888889 0.10972222222222217 0.12083333333333335
0 0.38645833333333335 0.5055555555555555 0.12708333333333333 0.1166666666666667
2 0.46458333333333335 0.22013888888888888 0.11250000000000004 0.13749999999999998
2 0.40625 0.3482638888888889 0.11250000000000004 0.11458333333333337
2 0.31180555555555556 0.45868055555555554 0.12222222222222223 0.11874999999999997
3 0.15416666666666667 0.3753472222222222 0.11388888888888887 0.12291666666666667
3 0.29270833333333335 0.23472222222222222 0.10069444444444442 0.1166666666666667
3 0.35694444444444445 0.11597222222222223 0.13888888888888895 0.12083333333333335
1 0.7631944444444444 0.4527777777777778 0.09444444444444433 0.15416666666666667
1 0.5913194444444444 0.5184027777777778 0.10624999999999996 0.13125000000000003
1 0.5236111111111111 0.6135416666666667 0.10833333333333339 0.13402777777777786
