0 0.4423611111111111 0.18159722222222222 0.1069444444444444 0.13125000000000003
0 0.48819444444444443 0.3190972222222222 0.09305555555555556 0.11041666666666672
0 0.5048611111111111 0.43159722222222224 0.07361111111111107 0.11458333333333337
2 0.28368055555555555 0.23680555555555555 0.12430555555555556 0.12916666666666665
2 0.378125 0.34305555555555556 0.1020833333333333 0.1166666666666667
2 0.43333333333333335 0.4753472222222222 0.09166666666666667 0.12708333333333333
3 0.284375 0.5743055555555555 0.10069444444444442 0.12916666666666665
3 0.21944444444444444 0.3920138888888889 0.09583333333333333 0.11875000000000002
3 0.13854166666666667 0.28055555555555556 0.0840277777777778 0.1333333333333333
1 0.6545138888888888 0.36736111111111114 0.10347222222222219 0.1166666666666667
1 0.60625 0.27569444444444446 0.10555555555555562 0.1166666666666667
1 0.6215277777777778 0.11527777777777778 0.12916666666666665 0.12083333333333335
