0 0.5611111111111111 0.2763888888888889 0.10277777777777786 0.14166666666666664
0 0.49236111111111114 0.4149305555555556 0.0847222222222222 0.12291666666666667
0 0.4173611111111111 0.5138888888888888 0.1069444444444444 0.125
2 0.4048611111111111 0.21180555555555555 0.09027777777777779 0.1375
2 0.390625 0.35555555555555557 0.0854166666666667 0.125
2 0.33125 0.4947916666666667 0.09999999999999998 0.13263888888888886
3 0.1527777777777778 0.4552083333333333 0.09583333333333333 0.12847222222222215
3 0.24201388888888886 0.28125 0.0909722222222222 0.12361111111111112
3 0.27118055555555554 0.14791666666666667 0.1201388888888889 0.13194444444444448
1 0.75625 0.35625 0.07499999999999996 0.13194444444444442
1 0.6173611111111111 0.465625 0.07916666666666661 0.1201388888888889
1 0.5791666666666667 0.5760416666666667 0.08472222222222214 0.12430555555555567
