0 0.59375 0.37083333333333335 0.1416666666666666 0.12777777777777777
0 0.4604166666666667 0.4375 0.12500000000000006 0.10277777777777775
0 0.33819444444444446 0.47430555555555554 0.12361111111111112 0.08749999999999997
2 0.5041666666666667 0.22916666666666663 0.1333333333333333 0.11944444444444444
2 0.41458333333333336 0.3347222222222222 0.12083333333333335 0.10833333333333328
2 0.2826388888888889 0.4083333333333333 0.12638888888888888 0.10555555555555551
3 0.16145833333333334 0.2826388888888889 0.1284722222222222 0.10416666666666666
3 0.33645833333333336 0.19652777777777777 0.11458333333333337 0.10416666666666669
3 0.4361111111111111 0.10659722222222222 0.13888888888888884 0.08541666666666667
1 0.7159722222222222 0.5465277777777777 0.13055555555555554 0.15833333333333327
1 0.5302083333333333 0.553125 0.12847222222222215 0.12847222222222215
1 0.42916666666666664 0.6208333333333333 0.12638888888888888 0.11944444444444446
