0 0.5392361111111111 0.24513888888888888 0.08263888888888893 0.1291666666666667
0 0.5041666666666667 0.3951388888888889 0.06666666666666665 0.11250000000000004
0 0.45729166666666665 0.5065972222222223 0.08958333333333335 0.13125000000000003
2 0.3715277777777778 0.21493055555555557 0.06805555555555554 0.13124999999999998
2 0.3927083333333333 0.3545138888888889 0.06458333333333333 0.11458333333333337
2 0.36770833333333336 0.5055555555555555 0.07708333333333328 0.125
3 0.184375 0.5114583333333333 0.07569444444444445 0.1256944444444445
3 0.22812499999999997 0.32222222222222224 0.06180555555555553 0.1166666666666667
3 0.22256944444444443 0.18333333333333332 0.1020833333333333 0.13611111111111113
1 0.7420138888888889 0.2760416666666667 0.09513888888888888 0.13402777777777775
1 0.6350694444444445 0.4173611111111111 0.06041666666666656 0.1166666666666667
1 0.628125 0.5298611111111111 0.05902777777777768 0.1166666666666667
