0 0.3541666666666667 0.21597222222222223 0.1333333333333333 0.09583333333333333
0 0.47916666666666663 0.29097222222222224 0.11666666666666664 0.08750000000000002
0 0.5583333333333333 0.36180555555555555 0.1166666666666667 0.10416666666666663
2 0.2670138888888889 0.34618055555555555 0.14097222222222225 0.08958333333333335
2 0.40520833333333334 0.3697916666666667 0.11875000000000002 0.09097222222222223
2 0.53125 0.4357638888888889 0.12083333333333335 0.09791666666666665
3 0.17881944444444445 0.465625 0.13958333333333334 0.12430555555555556
3 0.31319444444444444 0.5048611111111111 0.12361111111111112 0.08749999999999997
3 0.4736111111111111 0.5993055555555555 0.13055555555555554 0.09583333333333344
1 0.5368055555555555 0.19027777777777777 0.1166666666666667 0.0708333333333333
1 0.628125 0.23402777777777778 0.11736111111111103 0.06666666666666665
1 0.4510416666666667 0.0611111111111111 0.12847222222222215 0.07083333333333333
