0 0.46562499999999996 0.17291666666666666 0.14791666666666664 0.09305555555555556
0 0.5697916666666667 0.26493055555555556 0.1312500000000001 0.0854166666666667
0 0.6413194444444444 0.3458333333333333 0.1284722222222221 0.10277777777777775
2 0.309375 0.23159722222222223 0.16736111111111107 0.09791666666666665
2 0.45590277777777777 0.29930555555555555 0.14097222222222228 0.09583333333333333
2 0.5739583333333333 0.40347222222222223 0.1479166666666667 0.11250000000000004
3 0.4288194444444444 0.5315972222222223 0.16319444444444442 0.13125000000000003
3 0.2798611111111111 0.37430555555555556 0.14861111111111114 0.10416666666666663
3 0.14444444444444443 0.29097222222222224 0.1375 0.12083333333333335
1 0.7666666666666667 0.2704861111111111 0.13749999999999996 0.08125000000000002
1 0.6697916666666667 0.2111111111111111 0.12569444444444433 0.07916666666666666
1 0.6177083333333333 0.10104166666666667 0.14513888888888893 0.06597222222222221
