0 0.403125 0.21145833333333333 0.15625 0.07569444444444445
0 0.5427083333333333 0.27847222222222223 0.13541666666666669 0.0708333333333333
0 0.6465277777777778 0.34097222222222223 0.14027777777777772 0.08750000000000002
2 0.29131944444444446 0.30451388888888886 0.17986111111111114 0.0854166666666667
2 0.4625 0.3368055555555556 0.14999999999999997 0.07916666666666661
2 0.6173611111111111 0.4027777777777778 0.1513888888888888 0.08750000000000002
3 0.16770833333333332 0.4013888888888889 0.18263888888888885 0.1166666666666667
3 0.3420138888888889 0.4482638888888889 0.1659722222222222 0.08958333333333335
3 0.5618055555555556 0.5527777777777778 0.1708333333333334 0.10416666666666674
1 0.7128472222222222 0.2465277777777778 0.12847222222222232 0.05833333333333335
1 0.6006944444444444 0.2111111111111111 0.12916666666666665 0.05416666666666664
1 0.5069444444444444 0.115625 0.1333333333333333 0.04652777777777778
