0 0.64375 0.20347222222222222 0.09583333333333344 0.10833333333333331
0 0.6291666666666667 0.3368055555555556 0.09166666666666656 0.10833333333333339
0 0.5885416666666666 0.4444444444444444 0.10624999999999996 0.1333333333333333
2 0.4423611111111111 0.18611111111111112 0.0986111111111111 0.09999999999999998
2 0.4840277777777778 0.30659722222222224 0.08472222222222225 0.1020833333333333
2 0.47395833333333326 0.45034722222222223 0.08541666666666664 0.12291666666666662
3 0.22569444444444442 0.46875 0.09166666666666665 0.13194444444444442
3 0.27743055555555557 0.28055555555555556 0.0826388888888889 0.09999999999999998
3 0.2621527777777778 0.16319444444444445 0.11319444444444446 0.10416666666666669
1 0.8798611111111111 0.2222222222222222 0.13888888888888884 0.10833333333333336
1 0.7965277777777777 0.3486111111111111 0.10555555555555562 0.10416666666666663
1 0.8177083333333334 0.46145833333333336 0.11458333333333326 0.12152777777777779
