0 0.36527777777777776 0.21180555555555555 0.1611111111111111 0.07916666666666666
0 0.5125 0.2701388888888889 0.1333333333333333 0.0708333333333333
0 0.61875 0.3229166666666667 0.1416666666666666 0.08194444444444449
2 0.2638888888888889 0.30972222222222223 0.17638888888888893 0.07499999999999996
2 0.43854166666666666 0.3333333333333333 0.14374999999999993 0.06944444444444442
2 0.6006944444444444 0.38958333333333334 0.14861111111111103 0.08194444444444449
3 0.14652777777777778 0.41805555555555557 0.1875 0.1166666666666667
3 0.3298611111111111 0.45208333333333334 0.16527777777777775 0.08472222222222225
3 0.5600694444444444 0.5458333333333333 0.1659722222222222 0.09444444444444439
1 0.4541666666666667 0.109375 0.13194444444444448 0.04097222222222223
1 0.5635416666666667 0.19652777777777777 0.12152777777777768 0.04999999999999999
1 0.6732638888888889 0.22847222222222222 0.12430555555555545 0.05416666666666664
