0 0.6416666666666667 0.23020833333333332 0.1416666666666666 0.10486111111111113
0 0.5291666666666667 0.32743055555555556 0.125 0.09791666666666665
0 0.41354166666666664 0.39305555555555555 0.15208333333333335 0.09999999999999998
2 0.490625 0.15659722222222222 0.12291666666666662 0.09791666666666665
2 0.4361111111111111 0.25763888888888886 0.12777777777777777 0.09583333333333333
2 0.3232638888888889 0.35138888888888886 0.13680555555555562 0.10833333333333339
3 0.14479166666666668 0.2878472222222222 0.13680555555555557 0.09791666666666665
3 0.303125 0.1763888888888889 0.12152777777777779 0.08333333333333331
3 0.37604166666666666 0.09444444444444444 0.14374999999999993 0.08333333333333331
1 0.5902777777777778 0.48854166666666665 0.12916666666666665 0.13263888888888892
1 0.6628472222222223 0.3972222222222222 0.1201388888888888 0.1166666666666667
1 0.8611111111111112 0.3368055555555556 0.0986111111111112 0.12916666666666665
