0 0.4027777777777778 0.21388888888888888 0.15555555555555556 0.07500000000000001
0 0.540625 0.2798611111111111 0.13125000000000003 0.0708333333333333
0 0.640625 0.3416666666666667 0.1395833333333334 0.0888888888888889
2 0.28680555555555554 0.3020833333333333 0.17222222222222225 0.08194444444444449
2 0.4552083333333333 0.3368055555555556 0.1479166666666667 0.07916666666666661
2 0.6114583333333333 0.4065972222222222 0.15208333333333335 0.0854166666666667
3 0.16006944444444443 0.39826388888888886 0.17708333333333337 0.11875000000000002
3 0.3315972222222222 0.4461805555555556 0.16180555555555554 0.08958333333333335
3 0.546875 0.5583333333333333 0.1729166666666666 0.10555555555555562
1 0.7097222222222223 0.25069444444444444 0.12222222222222223 0.05833333333333335
1 0.5996527777777778 0.21354166666666666 0.11874999999999991 0.05902777777777779
1 0.5079861111111111 0.11944444444444445 0.13541666666666669 0.05416666666666667
