0 0.6291666666666667 0.2263888888888889 0.09166666666666656 0.10833333333333334
0 0.5875 0.3576388888888889 0.08333333333333326 0.11250000000000004
0 0.525 0.4618055555555556 0.125 0.13749999999999996
2 0.43645833333333334 0.18958333333333333 0.08125000000000004 0.10694444444444445
2 0.45208333333333334 0.3125 0.08750000000000002 0.10277777777777775
2 0.41041666666666665 0.45138888888888884 0.11250000000000004 0.12499999999999994
3 0.16979166666666667 0.4409722222222222 0.11319444444444443 0.12916666666666665
3 0.2607638888888889 0.26493055555555556 0.09513888888888888 0.1020833333333333
3 0.2746527777777778 0.1545138888888889 0.1298611111111111 0.10208333333333332
1 0.875 0.26944444444444443 0.12916666666666665 0.11250000000000002
1 0.75625 0.3861111111111111 0.08333333333333326 0.10833333333333328
1 0.7541666666666667 0.5010416666666667 0.09166666666666656 0.1256944444444444
