0 0.6090277777777777 0.20347222222222222 0.11527777777777781 0.10416666666666666
0 0.6236111111111111 0.33368055555555554 0.10277777777777786 0.10624999999999996
0 0.6069444444444444 0.4472222222222222 0.08611111111111103 0.12083333333333329
2 0.4017361111111111 0.20243055555555556 0.11597222222222225 0.10624999999999998
2 0.475 0.32222222222222224 0.10000000000000003 0.10833333333333328
2 0.49479166666666674 0.46805555555555556 0.09791666666666671 0.125
3 0.24722222222222223 0.51875 0.09722222222222221 0.14027777777777772
3 0.25972222222222224 0.31666666666666665 0.0888888888888889 0.10555555555555551
3 0.21736111111111112 0.19826388888888888 0.09999999999999998 0.10208333333333336
1 0.8354166666666667 0.19652777777777777 0.1499999999999999 0.10833333333333334
1 0.7833333333333333 0.3267361111111111 0.12083333333333335 0.10624999999999996
1 0.8298611111111112 0.4371527777777778 0.12777777777777777 0.12291666666666667
