0 0.56875 0.18263888888888888 0.12916666666666665 0.10416666666666669
0 0.6256944444444444 0.3013888888888889 0.11805555555555558 0.10833333333333331
0 0.65 0.40868055555555555 0.10000000000000009 0.11875000000000002
2 0.3770833333333333 0.21284722222222222 0.13749999999999996 0.10625000000000001
2 0.4833333333333334 0.3125 0.12500000000000006 0.11111111111111116
2 0.5506944444444445 0.4482638888888889 0.12361111111111112 0.13541666666666669
3 0.33055555555555555 0.5381944444444444 0.1333333333333333 0.14583333333333331
3 0.27534722222222224 0.34305555555555556 0.11597222222222225 0.1166666666666667
3 0.19583333333333333 0.23541666666666666 0.09444444444444444 0.10694444444444443
1 0.7701388888888889 0.14548611111111112 0.1499999999999999 0.08958333333333335
1 0.7631944444444444 0.2725694444444444 0.12777777777777777 0.09375
1 0.8395833333333333 0.3638888888888889 0.14583333333333326 0.10833333333333328
