0 0.41875 0.21875 0.15416666666666667 0.07638888888888887
0 0.5510416666666667 0.28888888888888886 0.13541666666666669 0.07499999999999996
0 0.646875 0.3576388888888889 0.1395833333333334 0.08750000000000002
2 0.2947916666666667 0.30625 0.17152777777777775 0.08472222222222225
2 0.46145833333333336 0.3472222222222222 0.14374999999999993 0.08333333333333337
2 0.609375 0.4201388888888889 0.15208333333333335 0.09583333333333333
3 0.16145833333333334 0.3993055555555556 0.17152777777777778 0.12083333333333335
3 0.3263888888888889 0.45 0.1597222222222222 0.09722222222222221
3 0.53125 0.5694444444444444 0.1708333333333334 0.10833333333333339
1 0.7253472222222223 0.265625 0.1284722222222221 0.06319444444444444
1 0.6197916666666666 0.22604166666666664 0.12569444444444433 0.05902777777777776
1 0.5322916666666667 0.128125 0.1340277777777778 0.05347222222222221
