0 0.4395833333333333 0.17847222222222223 0.15416666666666662 0.08749999999999997
0 0.55 0.26875 0.1333333333333333 0.08194444444444446
0 0.6270833333333333 0.34791666666666665 0.12916666666666665 0.0986111111111111
2 0.29097222222222224 0.25 0.16249999999999998 0.0888888888888889
2 0.44027777777777777 0.31180555555555556 0.1472222222222222 0.08750000000000002
2 0.56875 0.40555555555555556 0.14999999999999997 0.10416666666666663
3 0.4375 0.5399305555555556 0.16666666666666669 0.12291666666666662
3 0.27326388888888886 0.39375 0.15347222222222223 0.09305555555555556
3 0.13402777777777777 0.3170138888888889 0.14999999999999997 0.11875000000000002
1 0.7388888888888889 0.2673611111111111 0.13749999999999996 0.07499999999999998
1 0.6420138888888889 0.21319444444444444 0.12847222222222232 0.06666666666666665
1 0.5833333333333334 0.10694444444444445 0.14861111111111103 0.06250000000000001
