0 0.43229166666666674 0.20972222222222223 0.15625000000000006 0.08333333333333331
0 0.5541666666666667 0.29097222222222224 0.1333333333333333 0.07916666666666672
0 0.6402777777777777 0.3611111111111111 0.13055555555555554 0.09166666666666667
2 0.2972222222222222 0.2864583333333333 0.1708333333333333 0.08819444444444446
2 0.45416666666666666 0.3388888888888889 0.15000000000000002 0.08333333333333337
2 0.5958333333333333 0.42083333333333334 0.1499999999999999 0.09722222222222221
3 0.49027777777777776 0.56875 0.17222222222222217 0.11805555555555558
3 0.15138888888888888 0.3701388888888889 0.15833333333333333 0.12083333333333335
3 0.3055555555555556 0.43333333333333335 0.15555555555555556 0.10277777777777775
1 0.5579861111111111 0.12465277777777778 0.1395833333333334 0.05625000000000001
1 0.6326388888888889 0.22569444444444448 0.12638888888888888 0.06666666666666668
1 0.7378472222222222 0.2746527777777778 0.13263888888888897 0.06874999999999998
