0 0.4083333333333333 0.21493055555555557 0.15833333333333333 0.07708333333333331
0 0.5444444444444444 0.28541666666666665 0.13055555555555554 0.0736111111111111
0 0.6402777777777777 0.35138888888888886 0.13888888888888884 0.08333333333333337
2 0.28923611111111114 0.3055555555555556 0.1756944444444444 0.08333333333333337
2 0.45416666666666666 0.34097222222222223 0.15000000000000002 0.07916666666666661
2 0.6090277777777777 0.4128472222222222 0.14861111111111103 0.08958333333333335
3 0.15729166666666666 0.3993055555555556 0.17152777777777778 0.12083333333333335
3 0.3263888888888889 0.4482638888888889 0.16805555555555554 0.09375
3 0.5375 0.5673611111111111 0.17500000000000004 0.11250000000000004
1 0.715625 0.25729166666666664 0.13402777777777786 0.06180555555555556
1 0.6097222222222223 0.2204861111111111 0.12916666666666665 0.05625000000000002
1 0.5173611111111112 0.12465277777777778 0.13749999999999996 0.05208333333333333
