0 0.6322916666666667 0.25 0.10624999999999996 0.11111111111111113
0 0.5645833333333333 0.3732638888888889 0.10416666666666674 0.11458333333333337
0 0.48125 0.4652777777777778 0.13750000000000007 0.1333333333333333
2 0.4510416666666667 0.2 0.09791666666666665 0.10555555555555554
2 0.44166666666666665 0.3145833333333333 0.09999999999999998 0.10138888888888886
2 0.36875 0.44513888888888886 0.12916666666666665 0.12916666666666665
3 0.30277777777777776 0.15 0.13611111111111107 0.09722222222222221
3 0.2670138888888889 0.25555555555555554 0.10763888888888887 0.09166666666666667
3 0.1486111111111111 0.40902777777777777 0.1291666666666667 0.12083333333333335
1 0.875 0.3145833333333333 0.11250000000000004 0.11805555555555558
1 0.7236111111111111 0.4215277777777778 0.08194444444444438 0.1166666666666667
1 0.6934027777777778 0.5298611111111111 0.08819444444444446 0.1333333333333333
