0 0.58125 0.18368055555555557 0.12916666666666665 0.1020833333333333
0 0.6263888888888889 0.3055555555555556 0.1166666666666667 0.10833333333333339
0 0.6416666666666667 0.4166666666666667 0.10000000000000009 0.11388888888888893
2 0.3854166666666667 0.20555555555555555 0.13750000000000007 0.1166666666666667
2 0.4822916666666667 0.30868055555555557 0.11874999999999997 0.11041666666666672
2 0.5364583333333334 0.45000000000000007 0.11874999999999997 0.13611111111111113
3 0.3034722222222222 0.5315972222222223 0.12083333333333335 0.1479166666666667
3 0.2670138888888889 0.3315972222222222 0.11597222222222225 0.11041666666666661
3 0.1986111111111111 0.21909722222222222 0.08749999999999997 0.1020833333333333
1 0.8402777777777778 0.3798611111111111 0.1430555555555555 0.11250000000000004
1 0.7708333333333334 0.2829861111111111 0.12916666666666665 0.09791666666666665
1 0.790625 0.153125 0.15208333333333335 0.09513888888888888
