0 0.4947916666666667 0.16458333333333333 0.13958333333333328 0.09305555555555556
0 0.5791666666666667 0.2670138888888889 0.125 0.09375
0 0.6291666666666667 0.35833333333333334 0.1166666666666667 0.10555555555555551
2 0.3236111111111111 0.21458333333333332 0.1527777777777778 0.10694444444444445
2 0.45208333333333334 0.2951388888888889 0.13750000000000007 0.10416666666666666
2 0.5534722222222223 0.4076388888888889 0.13749999999999996 0.12083333333333335
3 0.37604166666666666 0.521875 0.15208333333333335 0.13680555555555562
3 0.2670138888888889 0.3503472222222222 0.13263888888888886 0.10624999999999996
3 0.15208333333333332 0.25763888888888886 0.11527777777777777 0.11250000000000002
1 0.6673611111111111 0.10729166666666666 0.14444444444444438 0.07152777777777777
1 0.6951388888888889 0.22395833333333334 0.12638888888888888 0.0798611111111111
1 0.7802083333333333 0.2965277777777778 0.1395833333333334 0.09166666666666667
