0 0.5989583333333334 0.19236111111111112 0.11874999999999991 0.10416666666666669
0 0.6309027777777778 0.32013888888888886 0.10763888888888884 0.10416666666666663
0 0.6333333333333333 0.43159722222222224 0.08333333333333326 0.12291666666666667
2 0.39861111111111114 0.2048611111111111 0.12777777777777777 0.11250000000000002
2 0.4829861111111111 0.31805555555555554 0.11319444444444443 0.10833333333333339
2 0.5229166666666667 0.46076388888888886 0.10416666666666669 0.13125000000000003
3 0.2795138888888889 0.5274305555555555 0.10763888888888892 0.1479166666666667
3 0.2670138888888889 0.325 0.09930555555555554 0.11388888888888893
3 0.2104166666666667 0.20902777777777778 0.09861111111111112 0.10416666666666669
1 0.8208333333333333 0.17465277777777777 0.15416666666666679 0.10208333333333332
1 0.7861111111111111 0.30486111111111114 0.12638888888888888 0.10416666666666663
1 0.8427083333333333 0.40729166666666666 0.1395833333333334 0.11319444444444449
