0 0.5354166666666667 0.16597222222222222 0.13749999999999996 0.09583333333333333
0 0.609375 0.2743055555555556 0.12291666666666656 0.09583333333333333
0 0.6548611111111111 0.37118055555555557 0.11527777777777781 0.11041666666666672
2 0.35833333333333334 0.20729166666666668 0.15000000000000002 0.10069444444444448
2 0.48125000000000007 0.2947916666666667 0.1291666666666667 0.10069444444444442
2 0.5697916666666667 0.41388888888888886 0.1312500000000001 0.125
3 0.38333333333333336 0.5197916666666667 0.15000000000000002 0.14097222222222228
3 0.290625 0.3388888888888889 0.1298611111111111 0.10833333333333339
3 0.18680555555555556 0.24305555555555555 0.10416666666666669 0.10833333333333334
1 0.7152777777777778 0.11979166666666666 0.14861111111111103 0.07986111111111109
1 0.7347222222222223 0.234375 0.12638888888888888 0.08402777777777781
1 0.8125 0.31145833333333334 0.13749999999999996 0.09513888888888888
