0 0.3013888888888889 0.22395833333333337 0.16388888888888886 0.06736111111111112
0 0.45729166666666665 0.2743055555555556 0.13125000000000003 0.0625
0 0.5715277777777777 0.321875 0.1430555555555555 0.07152777777777775
2 0.21319444444444444 0.33784722222222224 0.1819444444444444 0.06874999999999998
2 0.39444444444444443 0.3451388888888889 0.1444444444444445 0.0625
2 0.5635416666666667 0.3875 0.1479166666666667 0.06944444444444442
3 0.10798611111111112 0.4618055555555556 0.20208333333333334 0.11250000000000004
3 0.3003472222222222 0.4791666666666667 0.1659722222222222 0.07777777777777783
3 0.5486111111111112 0.5493055555555556 0.16111111111111115 0.08749999999999991
1 0.3767361111111111 0.11631944444444445 0.13541666666666663 0.039583333333333345
1 0.49756944444444445 0.196875 0.12291666666666667 0.04930555555555555
1 0.6104166666666667 0.21944444444444444 0.12222222222222223 0.04583333333333334
