0 0.6520833333333333 0.3625 0.1708333333333334 0.10277777777777775
0 0.48854166666666665 0.4270833333333333 0.1479166666666667 0.0986111111111111
0 0.34375 0.45555555555555555 0.15694444444444444 0.08333333333333337
2 0.5427083333333333 0.25416666666666665 0.1479166666666667 0.09444444444444444
2 0.43854166666666666 0.3368055555555556 0.13958333333333328 0.08750000000000002
2 0.2878472222222222 0.40034722222222224 0.14930555555555558 0.09375
3 0.36354166666666665 0.23125 0.13124999999999998 0.0736111111111111
3 0.4708333333333333 0.16805555555555557 0.14999999999999997 0.07500000000000001
3 0.16805555555555557 0.2972222222222222 0.14166666666666666 0.08333333333333337
1 0.81875 0.5277777777777778 0.15833333333333344 0.14583333333333331
1 0.5819444444444445 0.5322916666666667 0.1499999999999999 0.11319444444444443
1 0.4517361111111111 0.6069444444444444 0.1645833333333333 0.13749999999999996
