0 0.6729166666666667 0.3482638888888889 0.1625000000000001 0.09375
0 0.5052083333333334 0.40555555555555556 0.14375000000000004 0.09166666666666667
0 0.36875 0.43680555555555556 0.14583333333333337 0.08333333333333337
2 0.5673611111111111 0.24097222222222225 0.14861111111111108 0.09583333333333335
2 0.46111111111111114 0.32222222222222224 0.13888888888888884 0.08333333333333337
2 0.309375 0.378125 0.14236111111111108 0.08263888888888893
3 0.20104166666666667 0.2777777777777778 0.13402777777777775 0.07499999999999998
3 0.39166666666666666 0.21909722222222222 0.12916666666666665 0.07291666666666666
3 0.5034722222222222 0.16041666666666668 0.14583333333333331 0.05972222222222223
1 0.46111111111111114 0.5767361111111111 0.16666666666666669 0.11874999999999991
1 0.5892361111111111 0.5184027777777778 0.15625 0.11458333333333331
1 0.8319444444444445 0.5131944444444444 0.16527777777777786 0.1416666666666666
