0 0.6447916666666667 0.24722222222222223 0.1395833333333334 0.10833333333333336
0 0.5236111111111111 0.3423611111111111 0.13611111111111107 0.09583333333333333
0 0.40069444444444446 0.39791666666666664 0.15694444444444444 0.0986111111111111
2 0.4996527777777778 0.1701388888888889 0.1284722222222222 0.09583333333333333
2 0.4354166666666667 0.2670138888888889 0.12916666666666665 0.09375
2 0.3190972222222222 0.35625 0.14513888888888893 0.10138888888888886
3 0.14965277777777777 0.28680555555555554 0.13958333333333334 0.09583333333333333
3 0.3125 0.18472222222222223 0.11944444444444446 0.08333333333333331
3 0.3902777777777778 0.10208333333333333 0.13888888888888895 0.0763888888888889
1 0.5694444444444444 0.5048611111111111 0.1333333333333333 0.1333333333333333
1 0.6520833333333333 0.4166666666666667 0.11944444444444446 0.11388888888888893
1 0.853125 0.365625 0.11041666666666661 0.1298611111111111
