0 0.665625 0.346875 0.16041666666666665 0.10486111111111107
0 0.5114583333333333 0.42118055555555556 0.14375000000000004 0.09791666666666665
0 0.37395833333333334 0.45902777777777776 0.15208333333333335 0.08750000000000002
2 0.5423611111111111 0.24374999999999997 0.14027777777777772 0.09027777777777776
2 0.4496527777777778 0.33541666666666664 0.13680555555555562 0.08472222222222225
2 0.30659722222222224 0.403125 0.14930555555555558 0.09930555555555554
3 0.4600694444444444 0.16180555555555556 0.14236111111111116 0.0625
3 0.36041666666666666 0.23055555555555557 0.12916666666666665 0.07499999999999998
3 0.17465277777777777 0.30451388888888886 0.13958333333333334 0.0854166666666667
1 0.8475694444444445 0.4986111111111111 0.14513888888888893 0.14583333333333331
1 0.6184027777777777 0.5201388888888889 0.14375000000000004 0.11250000000000004
1 0.5052083333333334 0.5986111111111111 0.16180555555555554 0.14583333333333326
