0 0.6791666666666667 0.34618055555555555 0.17500000000000004 0.09791666666666665
0 0.5159722222222223 0.40868055555555555 0.14583333333333331 0.0854166666666667
0 0.37569444444444444 0.4326388888888889 0.14861111111111114 0.07916666666666661
2 0.5770833333333333 0.23888888888888887 0.14583333333333326 0.09166666666666665
2 0.471875 0.32222222222222224 0.13541666666666663 0.08333333333333337
2 0.31805555555555554 0.3753472222222222 0.14722222222222225 0.0854166666666667
3 0.21215277777777777 0.27708333333333335 0.12986111111111115 0.07638888888888887
3 0.4 0.21597222222222223 0.125 0.0708333333333333
3 0.5125 0.15555555555555556 0.1416666666666666 0.0625
1 0.47256944444444443 0.5763888888888888 0.16875000000000007 0.125
1 0.5996527777777778 0.5135416666666667 0.15625 0.10902777777777772
1 0.8385416666666666 0.5131944444444444 0.16041666666666665 0.1416666666666666
