0 0.6322916666666667 0.21805555555555556 0.12708333333333321 0.10833333333333336
0 0.5340277777777778 0.3298611111111111 0.11527777777777781 0.10416666666666663
0 0.4350694444444444 0.40729166666666666 0.1506944444444444 0.12430555555555556
2 0.46111111111111114 0.15625 0.11388888888888893 0.0986111111111111
2 0.425 0.26458333333333334 0.1166666666666667 0.10138888888888886
2 0.3315972222222222 0.37430555555555556 0.13680555555555562 0.11250000000000004
3 0.12986111111111112 0.32534722222222223 0.13333333333333336 0.10624999999999996
3 0.27534722222222224 0.19305555555555556 0.11597222222222225 0.09166666666666667
3 0.3295138888888889 0.1 0.14097222222222228 0.0861111111111111
1 0.6833333333333333 0.38472222222222224 0.0986111111111112 0.1166666666666667
1 0.6277777777777778 0.4934027777777778 0.1166666666666667 0.13541666666666663
1 0.8631944444444445 0.30277777777777776 0.09444444444444433 0.12083333333333335
