0 0.5614583333333333 0.1763888888888889 0.13541666666666669 0.10416666666666669
0 0.6270833333333333 0.2899305555555556 0.12083333333333335 0.1020833333333333
0 0.6618055555555555 0.3888888888888889 0.11250000000000004 0.10833333333333328
2 0.3770833333333333 0.20833333333333334 0.14583333333333337 0.10555555555555557
2 0.4902777777777778 0.30451388888888886 0.1305555555555556 0.10624999999999996
2 0.5715277777777777 0.43333333333333335 0.12638888888888888 0.12222222222222223
3 0.20208333333333334 0.24166666666666667 0.0986111111111111 0.10555555555555557
3 0.2899305555555556 0.3420138888888889 0.1201388888888889 0.11041666666666672
3 0.36770833333333336 0.5305555555555556 0.13541666666666663 0.1416666666666666
1 0.7503472222222223 0.13125 0.15347222222222223 0.09027777777777779
1 0.7590277777777777 0.25416666666666665 0.12777777777777777 0.09444444444444444
1 0.834375 0.33819444444444446 0.14375000000000004 0.09999999999999998
