0 0.3159722222222222 0.22083333333333333 0.16249999999999998 0.06944444444444442
0 0.4708333333333333 0.2743055555555556 0.1333333333333333 0.0625
0 0.5822916666666667 0.321875 0.14375000000000004 0.07986111111111116
2 0.2232638888888889 0.3302083333333333 0.1784722222222222 0.07013888888888886
2 0.4027777777777778 0.34305555555555556 0.14722222222222225 0.06666666666666665
2 0.5697916666666667 0.38784722222222223 0.15208333333333335 0.07291666666666663
3 0.11319444444444446 0.4493055555555555 0.2 0.11249999999999999
3 0.30451388888888886 0.47291666666666665 0.1659722222222222 0.08194444444444443
3 0.5486111111111112 0.5503472222222222 0.16388888888888892 0.0854166666666667
1 0.3954861111111111 0.115625 0.13124999999999998 0.03680555555555555
1 0.5142361111111111 0.1986111111111111 0.12291666666666662 0.04583333333333334
1 0.6288194444444445 0.22361111111111112 0.12291666666666656 0.04583333333333334
