0 0.6583333333333333 0.35659722222222223 0.17500000000000004 0.09791666666666665
0 0.49479166666666663 0.41805555555555557 0.14791666666666664 0.09166666666666667
0 0.35208333333333336 0.4440972222222222 0.14583333333333337 0.08125000000000004
2 0.5541666666666667 0.24791666666666667 0.1416666666666666 0.09305555555555556
2 0.4486111111111111 0.33125 0.13888888888888895 0.08472222222222225
2 0.29618055555555556 0.38680555555555557 0.14930555555555558 0.08750000000000002
3 0.18229166666666666 0.28958333333333336 0.13680555555555557 0.07638888888888895
3 0.3701388888888889 0.22569444444444445 0.12222222222222223 0.07500000000000001
3 0.4875 0.16458333333333333 0.14166666666666672 0.05972222222222223
1 0.81875 0.5197916666666667 0.16666666666666674 0.1465277777777778
1 0.5822916666666667 0.5239583333333333 0.15763888888888888 0.11180555555555555
1 0.4517361111111111 0.5892361111111111 0.1645833333333333 0.12708333333333321
