0 0.65625 0.2125 0.09166666666666656 0.10555555555555557
0 0.625 0.34305555555555556 0.07499999999999996 0.10833333333333339
0 0.5756944444444444 0.453125 0.10972222222222228 0.1340277777777778
2 0.45625 0.18541666666666667 0.08750000000000002 0.0986111111111111
2 0.4861111111111111 0.3076388888888889 0.07777777777777783 0.09583333333333333
2 0.45625 0.44791666666666663 0.10416666666666663 0.12638888888888883
3 0.2111111111111111 0.44930555555555557 0.10416666666666669 0.13750000000000007
3 0.28368055555555555 0.26805555555555555 0.0826388888888889 0.09999999999999998
3 0.28368055555555555 0.15347222222222223 0.12430555555555556 0.10416666666666669
1 0.7895833333333333 0.36736111111111114 0.09583333333333344 0.10833333333333339
1 0.8017361111111111 0.47986111111111107 0.10486111111111107 0.11666666666666664
1 0.8927083333333333 0.24583333333333332 0.13541666666666674 0.10555555555555557
