0 0.4302083333333333 0.19722222222222222 0.1520833333333333 0.08749999999999997
0 0.5444444444444444 0.28020833333333334 0.13055555555555554 0.0784722222222222
0 0.6291666666666667 0.35555555555555557 0.1333333333333333 0.09999999999999998
2 0.2878472222222222 0.2722222222222222 0.1659722222222222 0.09166666666666667
2 0.44062499999999993 0.3260416666666667 0.14791666666666664 0.08819444444444446
2 0.5760416666666667 0.4107638888888889 0.1479166666666667 0.1020833333333333
3 0.2857638888888889 0.41458333333333336 0.15347222222222223 0.10138888888888886
3 0.4583333333333333 0.5520833333333334 0.16666666666666663 0.12638888888888888
3 0.13645833333333332 0.3472222222222222 0.15486111111111112 0.12222222222222223
1 0.5635416666666667 0.11631944444444445 0.1381944444444445 0.05625000000000001
1 0.6326388888888889 0.21944444444444444 0.13055555555555554 0.0708333333333333
1 0.7319444444444444 0.2704861111111111 0.13194444444444442 0.06874999999999998
