0 0.4270833333333333 0.21666666666666667 0.15416666666666667 0.08055555555555557
0 0.5552083333333333 0.29375 0.13541666666666669 0.07638888888888895
0 0.6458333333333334 0.3628472222222222 0.13749999999999996 0.09375
2 0.2982638888888889 0.3003472222222222 0.17013888888888887 0.08125000000000004
2 0.46145833333333336 0.34791666666666665 0.14374999999999993 0.08194444444444449
2 0.60625 0.42291666666666666 0.1499999999999999 0.0986111111111111
3 0.15902777777777777 0.3857638888888889 0.16666666666666663 0.11875000000000002
3 0.3211805555555556 0.44583333333333336 0.15763888888888888 0.09444444444444444
3 0.5177083333333333 0.5722222222222222 0.16874999999999996 0.1166666666666667
1 0.5465277777777777 0.1267361111111111 0.13749999999999996 0.05625000000000001
1 0.6319444444444444 0.22777777777777775 0.125 0.06249999999999997
1 0.7336805555555556 0.2704861111111111 0.1284722222222221 0.06874999999999998
