0 0.6642361111111111 0.3232638888888889 0.15902777777777777 0.1020833333333333
0 0.521875 0.4048611111111111 0.13541666666666669 0.09583333333333333
0 0.3875 0.44583333333333336 0.15833333333333333 0.0888888888888889
2 0.5385416666666667 0.22395833333333337 0.13541666666666669 0.09236111111111114
2 0.4541666666666667 0.32013888888888886 0.13333333333333336 0.08750000000000002
2 0.3128472222222222 0.39444444444444443 0.14930555555555558 0.08750000000000002
3 0.44756944444444446 0.14722222222222223 0.14097222222222228 0.06666666666666665
3 0.3527777777777778 0.22083333333333333 0.12777777777777777 0.07777777777777775
3 0.17152777777777778 0.3013888888888889 0.14166666666666666 0.09166666666666667
1 0.525 0.5715277777777777 0.15138888888888885 0.1333333333333333
1 0.6347222222222222 0.4965277777777778 0.13749999999999996 0.1166666666666667
1 0.8527777777777777 0.4652777777777778 0.14027777777777772 0.13749999999999996
