0 0.4822916666666667 0.1638888888888889 0.1479166666666667 0.09166666666666667
0 0.575 0.26666666666666666 0.12916666666666665 0.08611111111111114
0 0.6392361111111111 0.3541666666666667 0.12569444444444455 0.10277777777777775
2 0.3159722222222222 0.22118055555555555 0.16388888888888886 0.1020833333333333
2 0.4548611111111111 0.2982638888888889 0.1430555555555556 0.09375
2 0.5666666666666667 0.40555555555555556 0.1416666666666666 0.11250000000000004
3 0.403125 0.5305555555555556 0.16041666666666665 0.1333333333333333
3 0.2704861111111111 0.3638888888888889 0.1465277777777778 0.10833333333333328
3 0.1486111111111111 0.2743055555555556 0.125 0.11250000000000002
1 0.778125 0.2861111111111111 0.1395833333333334 0.08750000000000002
1 0.6829861111111111 0.21944444444444444 0.13402777777777786 0.07916666666666664
1 0.6434027777777778 0.10069444444444445 0.1465277777777778 0.07083333333333335
