0 0.33611111111111114 0.21597222222222223 0.1611111111111111 0.0708333333333333
0 0.4864583333333333 0.2722222222222222 0.13541666666666669 0.06666666666666665
0 0.5965277777777778 0.32534722222222223 0.14861111111111103 0.08125000000000004
2 0.23993055555555556 0.32222222222222224 0.1784722222222222 0.07499999999999996
2 0.4131944444444444 0.33784722222222224 0.1513888888888889 0.06874999999999998
2 0.58125 0.38993055555555556 0.15416666666666679 0.08125000000000004
3 0.12395833333333334 0.43368055555555557 0.19513888888888886 0.11458333333333337
3 0.3125 0.4618055555555556 0.16944444444444448 0.07916666666666661
3 0.55 0.5472222222222223 0.16666666666666669 0.09166666666666656
1 0.6461805555555555 0.2222222222222222 0.1201388888888888 0.04999999999999999
1 0.5329861111111112 0.19652777777777777 0.11874999999999997 0.04999999999999999
1 0.4236111111111111 0.11215277777777778 0.1333333333333333 0.03958333333333333
