0 0.6625 0.3013888888888889 0.1499999999999999 0.10833333333333331
0 0.5236111111111111 0.38680555555555557 0.13888888888888884 0.09583333333333333
0 0.39652777777777776 0.43159722222222224 0.1513888888888889 0.09791666666666665
2 0.5270833333333333 0.21180555555555558 0.13749999999999996 0.09583333333333335
2 0.4517361111111111 0.3055555555555556 0.1340277777777778 0.08333333333333337
2 0.31805555555555554 0.3857638888888889 0.14722222222222225 0.1020833333333333
3 0.1673611111111111 0.2972222222222222 0.14166666666666666 0.09166666666666667
3 0.3402777777777778 0.20972222222222223 0.12777777777777777 0.08333333333333331
3 0.42916666666666664 0.1388888888888889 0.14166666666666672 0.07500000000000001
1 0.5447916666666667 0.5527777777777778 0.14236111111111116 0.12916666666666665
1 0.6447916666666667 0.47256944444444443 0.13402777777777786 0.11458333333333337
1 0.8597222222222223 0.4361111111111111 0.12083333333333335 0.13749999999999996
