0 0.6569444444444444 0.2701388888888889 0.14722222222222214 0.10416666666666666
0 0.525 0.35833333333333334 0.1333333333333333 0.09722222222222221
0 0.40208333333333335 0.4128472222222222 0.15416666666666667 0.1020833333333333
2 0.5125 0.18263888888888888 0.1333333333333333 0.09583333333333333
2 0.4427083333333333 0.28055555555555556 0.13124999999999998 0.09166666666666667
2 0.3170138888888889 0.3659722222222222 0.14930555555555558 0.10416666666666663
3 0.4114583333333333 0.1125 0.14374999999999993 0.06944444444444445
3 0.32708333333333334 0.18958333333333333 0.12361111111111112 0.0763888888888889
3 0.15486111111111112 0.2878472222222222 0.14166666666666666 0.09791666666666665
1 0.5590277777777778 0.5246527777777777 0.14583333333333331 0.13541666666666669
1 0.6513888888888889 0.44027777777777777 0.12916666666666665 0.1166666666666667
1 0.8604166666666667 0.38819444444444445 0.1166666666666667 0.1333333333333333
