0 0.6395833333333333 0.21979166666666666 0.12916666666666665 0.10763888888888892
0 0.5364583333333334 0.3229166666666667 0.11874999999999997 0.10972222222222217
0 0.42291666666666666 0.39618055555555554 0.15416666666666667 0.11041666666666661
2 0.47916666666666663 0.15034722222222222 0.11666666666666664 0.09791666666666665
2 0.4361111111111111 0.25763888888888886 0.11944444444444446 0.09583333333333333
2 0.33055555555555555 0.36180555555555555 0.1430555555555556 0.11250000000000004
3 0.14027777777777778 0.29791666666666666 0.1375 0.0986111111111111
3 0.29409722222222223 0.17847222222222223 0.1201388888888889 0.08749999999999997
3 0.3590277777777778 0.08888888888888889 0.14027777777777783 0.0875
1 0.865625 0.31180555555555556 0.08958333333333335 0.12083333333333335
1 0.6815972222222222 0.3871527777777778 0.10763888888888884 0.11041666666666661
1 0.6125 0.4868055555555556 0.11805555555555558 0.1291666666666667
