0 0.6604166666666667 0.3597222222222222 0.16666666666666674 0.10416666666666663
0 0.5006944444444444 0.42430555555555555 0.14861111111111108 0.09583333333333333
0 0.3572916666666667 0.45868055555555554 0.15208333333333335 0.08125000000000004
2 0.5444444444444444 0.2503472222222222 0.14444444444444438 0.09375
2 0.44479166666666664 0.33958333333333335 0.13958333333333328 0.08472222222222225
2 0.2951388888888889 0.4027777777777778 0.14722222222222225 0.09166666666666667
3 0.16458333333333333 0.30243055555555554 0.14305555555555555 0.0854166666666667
3 0.35833333333333334 0.23194444444444445 0.1333333333333333 0.07499999999999998
3 0.46319444444444446 0.16701388888888888 0.1430555555555555 0.06458333333333333
1 0.6027777777777777 0.53125 0.1499999999999999 0.11527777777777781
1 0.4756944444444444 0.6017361111111111 0.15416666666666673 0.1312500000000001
1 0.8375 0.5180555555555556 0.15416666666666656 0.14999999999999997
