0 0.3892361111111111 0.20729166666666668 0.15902777777777777 0.07569444444444445
0 0.5333333333333333 0.26805555555555555 0.1333333333333333 0.06666666666666665
0 0.6375 0.32916666666666666 0.1416666666666666 0.0888888888888889
2 0.28402777777777777 0.30625 0.17361111111111113 0.07638888888888884
2 0.45729166666666665 0.3326388888888889 0.14375000000000004 0.0708333333333333
2 0.6159722222222223 0.39166666666666666 0.1499999999999999 0.08611111111111114
3 0.16423611111111108 0.4065972222222222 0.18541666666666665 0.11458333333333337
3 0.34305555555555556 0.4479166666666667 0.16388888888888886 0.08194444444444449
3 0.5708333333333333 0.5461805555555556 0.16666666666666669 0.1020833333333333
1 0.6961805555555556 0.23506944444444444 0.1201388888888888 0.05625000000000002
1 0.5885416666666666 0.20381944444444444 0.12152777777777768 0.052083333333333315
1 0.4829861111111111 0.11145833333333333 0.13541666666666669 0.04513888888888888
