0 0.45902777777777776 0.134375 0.09305555555555556 0.09652777777777777
0 0.4510416666666667 0.25555555555555554 0.08125000000000004 0.09999999999999998
0 0.4166666666666667 0.3576388888888889 0.09999999999999998 0.12083333333333335
2 0.26284722222222223 0.1326388888888889 0.09097222222222223 0.09583333333333333
2 0.3090277777777778 0.2416666666666667 0.08194444444444449 0.09722222222222224
2 0.30069444444444443 0.37083333333333335 0.09027777777777779 0.11111111111111116
3 0.05 0.4166666666666667 0.09722222222222224 0.12222222222222223
3 0.10069444444444445 0.23368055555555556 0.08333333333333331 0.09375
3 0.08298611111111111 0.13020833333333334 0.11875 0.09513888888888888
1 0.6951388888888889 0.12916666666666668 0.1347222222222222 0.09722222222222221
1 0.6184027777777777 0.24895833333333334 0.1020833333333333 0.09652777777777777
1 0.6399305555555556 0.35104166666666664 0.11597222222222214 0.11597222222222225
