0 0.5180555555555556 0.14375 0.09166666666666662 0.10138888888888888
0 0.5052083333333334 0.27743055555555557 0.08125000000000004 0.11041666666666669
0 0.4600694444444444 0.39305555555555555 0.10763888888888884 0.1333333333333333
2 0.31493055555555555 0.1388888888888889 0.09513888888888888 0.10833333333333334
2 0.359375 0.2607638888888889 0.08125000000000004 0.1020833333333333
2 0.34270833333333334 0.40625 0.09375 0.12361111111111112
3 0.10069444444444445 0.4493055555555556 0.10000000000000002 0.1291666666666667
3 0.15 0.2482638888888889 0.07777777777777778 0.1020833333333333
3 0.1361111111111111 0.13645833333333332 0.12083333333333335 0.1076388888888889
1 0.7607638888888889 0.13958333333333334 0.14097222222222228 0.11805555555555557
1 0.66875 0.2746527777777778 0.10277777777777786 0.11041666666666669
1 0.6920138888888889 0.3885416666666667 0.11180555555555549 0.12430555555555556
