0 0.5163194444444444 0.08888888888888889 0.09652777777777777 0.16666666666666666
0 0.5034722222222222 0.28888888888888886 0.08749999999999997 0.15000000000000002
0 0.46562500000000007 0.4409722222222222 0.09791666666666671 0.16250000000000003
2 0.29305555555555557 0.08888888888888888 0.11805555555555558 0.175
2 0.3548611111111111 0.2638888888888889 0.09027777777777779 0.15833333333333333
2 0.3590277777777778 0.4576388888888889 0.07361111111111107 0.15416666666666667
3 0.09687500000000002 0.08194444444444444 0.10902777777777779 0.1638888888888889
3 0.13854166666666667 0.2520833333333333 0.09097222222222223 0.1597222222222222
3 0.13194444444444445 0.5055555555555555 0.08749999999999998 0.15833333333333327
1 0.671875 0.2829861111111111 0.09652777777777777 0.15625
1 0.6833333333333333 0.43194444444444446 0.0986111111111112 0.15416666666666673
1 0.7805555555555556 0.08715277777777777 0.14583333333333326 0.16875
