0 0.4496527777777778 0.13784722222222223 0.09513888888888888 0.09375
0 0.44305555555555554 0.25555555555555554 0.09166666666666667 0.09166666666666667
0 0.403125 0.3524305555555556 0.09791666666666665 0.11458333333333337
2 0.25243055555555555 0.1371527777777778 0.09513888888888888 0.09375
2 0.3003472222222222 0.23958333333333331 0.08263888888888893 0.09305555555555553
2 0.2920138888888889 0.36875 0.08263888888888893 0.10972222222222228
3 0.07465277777777778 0.13368055555555555 0.11458333333333334 0.08541666666666665
3 0.09236111111111112 0.23680555555555555 0.08333333333333331 0.09583333333333333
3 0.04652777777777778 0.4083333333333333 0.09166666666666667 0.12222222222222223
1 0.6784722222222223 0.13645833333333332 0.13055555555555554 0.09513888888888888
1 0.6052083333333333 0.25277777777777777 0.10347222222222219 0.09583333333333333
1 0.6270833333333333 0.3458333333333333 0.11388888888888893 0.11388888888888893
