0 0.5583333333333333 0.11979166666666669 0.10000000000000009 0.15763888888888888
0 0.5444444444444444 0.31493055555555555 0.08611111111111103 0.1479166666666667
0 0.5020833333333333 0.4690972222222222 0.10833333333333339 0.16875000000000007
2 0.33194444444444443 0.11597222222222223 0.11111111111111105 0.16250000000000003
2 0.3885416666666667 0.29270833333333335 0.09375 0.15486111111111112
2 0.3854166666666667 0.4857638888888889 0.08750000000000002 0.15625
3 0.13402777777777777 0.10555555555555557 0.11666666666666665 0.15833333333333333
3 0.171875 0.2763888888888889 0.08263888888888887 0.15000000000000002
3 0.1423611111111111 0.5333333333333333 0.08333333333333331 0.16111111111111115
1 0.828125 0.11875 0.15208333333333335 0.17638888888888887
1 0.7222222222222222 0.3121527777777778 0.10138888888888897 0.15208333333333335
1 0.7357638888888889 0.4652777777777778 0.10763888888888884 0.1708333333333334
