0 0.559375 0.09375 0.1020833333333333 0.18472222222222223
0 0.5486111111111112 0.3003472222222222 0.08055555555555549 0.15625
0 0.5090277777777777 0.4527777777777778 0.10138888888888892 0.15833333333333333
2 0.3295138888888889 0.09409722222222222 0.12430555555555556 0.17708333333333337
2 0.39791666666666664 0.27743055555555557 0.09583333333333333 0.1645833333333333
2 0.403125 0.4722222222222222 0.07291666666666663 0.14999999999999997
3 0.18333333333333332 0.5166666666666667 0.0888888888888889 0.15277777777777785
3 0.17777777777777778 0.26493055555555556 0.09583333333333333 0.16041666666666665
3 0.12152777777777778 0.084375 0.1 0.16319444444444448
1 0.7232638888888889 0.446875 0.09097222222222223 0.15763888888888888
1 0.7149305555555555 0.2947916666666667 0.09097222222222223 0.16180555555555554
1 0.8302083333333333 0.09236111111111112 0.1479166666666667 0.175
