0 0.5506944444444445 0.09618055555555555 0.10138888888888897 0.15625
0 0.5361111111111111 0.29097222222222224 0.08888888888888885 0.14583333333333337
0 0.49583333333333335 0.44305555555555554 0.10833333333333339 0.16666666666666669
2 0.32743055555555556 0.0920138888888889 0.1118055555555556 0.16875
2 0.3854166666666667 0.26666666666666666 0.08750000000000002 0.15555555555555556
2 0.38125 0.4597222222222222 0.07916666666666661 0.15833333333333333
3 0.14583333333333334 0.5076388888888889 0.0861111111111111 0.16250000000000003
3 0.1673611111111111 0.25243055555555555 0.08333333333333331 0.1479166666666667
3 0.12708333333333333 0.08124999999999999 0.1152777777777778 0.15694444444444444
1 0.7232638888888889 0.44027777777777777 0.10763888888888884 0.16250000000000003
1 0.7107638888888889 0.28506944444444443 0.09930555555555554 0.1479166666666667
1 0.8163194444444445 0.09270833333333334 0.14930555555555558 0.17430555555555555
