0 0.5673611111111111 0.10972222222222222 0.10694444444444451 0.2
0 0.55 0.3232638888888889 0.08333333333333326 0.15625
0 0.51875 0.4708333333333333 0.09583333333333338 0.15277777777777785
2 0.3263888888888889 0.1111111111111111 0.13055555555555554 0.20833333333333337
2 0.4 0.3020833333333333 0.09166666666666667 0.16527777777777775
2 0.4125 0.4909722222222222 0.07499999999999996 0.14583333333333337
3 0.19444444444444445 0.5378472222222223 0.09583333333333333 0.1479166666666667
3 0.17881944444444445 0.2920138888888889 0.10625000000000001 0.16041666666666665
3 0.1125 0.10347222222222222 0.10277777777777777 0.1875
1 0.8458333333333333 0.10034722222222223 0.14583333333333326 0.20069444444444445
1 0.7194444444444444 0.31840277777777776 0.09027777777777768 0.15625
1 0.7253472222222223 0.46423611111111107 0.08680555555555558 0.14791666666666664
