0 0.5270833333333333 0.08472222222222223 0.10416666666666669 0.16666666666666669
0 0.515625 0.2857638888888889 0.08125000000000004 0.1479166666666667
0 0.4791666666666667 0.4378472222222223 0.09166666666666667 0.15625000000000006
2 0.30243055555555554 0.08888888888888889 0.1201388888888889 0.16666666666666666
2 0.3645833333333333 0.26458333333333334 0.09583333333333333 0.1597222222222222
2 0.37083333333333335 0.45729166666666665 0.07499999999999996 0.14930555555555558
3 0.14895833333333333 0.50625 0.08819444444444446 0.1569444444444444
3 0.15104166666666666 0.2513888888888889 0.09097222222222223 0.15833333333333333
3 0.10104166666666667 0.08125 0.10902777777777778 0.15138888888888888
1 0.6923611111111111 0.42986111111111114 0.09444444444444433 0.15833333333333338
1 0.684375 0.28194444444444444 0.09652777777777777 0.15416666666666667
1 0.7902777777777777 0.08923611111111111 0.1430555555555555 0.16458333333333333
