0 0.5527777777777778 0.08611111111111111 0.10277777777777786 0.17222222222222222
0 0.5364583333333334 0.290625 0.0854166666666667 0.15069444444444446
0 0.5027777777777778 0.4409722222222222 0.0944444444444445 0.15416666666666662
2 0.31805555555555554 0.08680555555555555 0.12222222222222223 0.1736111111111111
2 0.38645833333333335 0.2659722222222222 0.09375 0.16249999999999998
2 0.3958333333333333 0.46076388888888886 0.07499999999999996 0.15208333333333335
3 0.17152777777777778 0.5086805555555556 0.09166666666666667 0.15208333333333335
3 0.16597222222222222 0.2534722222222222 0.09583333333333333 0.16249999999999998
3 0.11145833333333334 0.07847222222222222 0.1048611111111111 0.15416666666666667
1 0.7131944444444445 0.4361111111111111 0.09444444444444455 0.15416666666666673
1 0.70625 0.284375 0.09444444444444455 0.15763888888888888
1 0.8239583333333333 0.08680555555555555 0.1395833333333334 0.1736111111111111
