0 0.5600694444444444 0.10347222222222222 0.10902777777777772 0.19583333333333336
0 0.5458333333333333 0.31666666666666665 0.08333333333333326 0.1527777777777778
0 0.5114583333333333 0.4628472222222222 0.09791666666666665 0.15624999999999994
2 0.3263888888888889 0.10624999999999998 0.12638888888888888 0.2013888888888889
2 0.4 0.2951388888888889 0.09999999999999998 0.16666666666666663
2 0.40729166666666666 0.48368055555555556 0.07291666666666663 0.14375000000000004
3 0.1892361111111111 0.5315972222222223 0.09375 0.1479166666666667
3 0.18090277777777777 0.28680555555555554 0.10069444444444448 0.16666666666666663
3 0.11423611111111111 0.09618055555555556 0.10208333333333333 0.18125
1 0.7197916666666667 0.4579861111111111 0.09236111111111112 0.15208333333333335
1 0.715625 0.31006944444444445 0.09236111111111112 0.15625
1 0.8375 0.10173611111111111 0.13749999999999996 0.20208333333333334
