0 0.4777777777777778 0.13958333333333334 0.09444444444444444 0.0986111111111111
0 0.4708333333333333 0.26458333333333334 0.08333333333333331 0.0986111111111111
0 0.42986111111111114 0.36909722222222224 0.10138888888888886 0.11875000000000002
2 0.27708333333333335 0.13784722222222223 0.09027777777777779 0.09791666666666665
2 0.3229166666666667 0.24791666666666667 0.07916666666666672 0.0986111111111111
2 0.31493055555555555 0.3854166666666667 0.08680555555555558 0.11527777777777781
3 0.09756944444444444 0.13159722222222223 0.11875 0.09791666666666665
3 0.115625 0.24166666666666667 0.0798611111111111 0.1027777777777778
3 0.06527777777777778 0.4263888888888889 0.09583333333333335 0.125
1 0.7149305555555555 0.13506944444444444 0.13263888888888897 0.10208333333333335
1 0.6329861111111111 0.25798611111111114 0.1020833333333333 0.1020833333333333
1 0.6555555555555556 0.36666666666666664 0.11250000000000004 0.12222222222222223
