0 0.5166666666666667 0.08333333333333333 0.10000000000000003 0.1638888888888889
0 0.503125 0.2815972222222222 0.08125000000000004 0.15208333333333335
0 0.4666666666666667 0.43472222222222223 0.09166666666666662 0.15833333333333327
2 0.29305555555555557 0.08819444444444444 0.1166666666666667 0.17083333333333334
2 0.353125 0.25729166666666664 0.09375 0.15763888888888888
2 0.35833333333333334 0.45034722222222223 0.07499999999999996 0.15208333333333335
3 0.13229166666666667 0.5 0.08819444444444446 0.16111111111111115
3 0.13819444444444445 0.24722222222222223 0.09166666666666667 0.15833333333333333
3 0.090625 0.07847222222222222 0.1048611111111111 0.1513888888888889
1 0.6836805555555555 0.4239583333333333 0.10347222222222219 0.16180555555555554
1 0.6711805555555556 0.278125 0.09930555555555554 0.15347222222222223
1 0.7791666666666667 0.08402777777777778 0.14583333333333326 0.16666666666666669
