0 0.4697916666666666 0.1545138888888889 0.08958333333333329 0.07291666666666669
0 0.46458333333333335 0.25104166666666666 0.07916666666666661 0.07986111111111108
0 0.43125 0.334375 0.09583333333333333 0.09513888888888888
2 0.2815972222222222 0.15243055555555557 0.09513888888888888 0.07291666666666669
2 0.3277777777777778 0.23923611111111112 0.07777777777777783 0.08124999999999999
2 0.3246527777777778 0.3482638888888889 0.07847222222222228 0.09375
3 0.08402777777777778 0.37916666666666665 0.08749999999999998 0.10555555555555551
3 0.12986111111111112 0.23194444444444445 0.07083333333333335 0.07499999999999998
3 0.1121527777777778 0.14722222222222223 0.11041666666666668 0.07500000000000001
1 0.6447916666666667 0.3302083333333333 0.10902777777777772 0.09236111111111112
1 0.6152777777777778 0.246875 0.09166666666666656 0.07569444444444443
1 0.6899305555555556 0.15486111111111112 0.12430555555555567 0.08333333333333331
