0 0.5715277777777777 0.1451388888888889 0.10138888888888897 0.15416666666666667
0 0.5520833333333334 0.328125 0.08749999999999991 0.14236111111111116
0 0.509375 0.48125 0.11041666666666661 0.16527777777777775
2 0.3458333333333333 0.13680555555555557 0.10416666666666663 0.15416666666666667
2 0.39791666666666664 0.3034722222222222 0.08750000000000002 0.14583333333333337
2 0.3854166666666667 0.4961805555555556 0.09166666666666667 0.1604166666666667
3 0.15486111111111112 0.12430555555555556 0.11666666666666668 0.14583333333333337
3 0.17673611111111112 0.29097222222222224 0.08124999999999999 0.14583333333333337
3 0.13854166666666667 0.5399305555555556 0.0840277777777778 0.1645833333333333
1 0.7503472222222223 0.4809027777777778 0.11180555555555549 0.1645833333333333
1 0.7319444444444444 0.33090277777777777 0.10694444444444451 0.14375000000000004
1 0.8385416666666666 0.1423611111111111 0.15625 0.15416666666666667
