0 0.525 0.15347222222222223 0.10833333333333339 0.20416666666666664
0 0.50625 0.36527777777777776 0.08749999999999997 0.15000000000000002
0 0.4701388888888889 0.5083333333333333 0.09583333333333338 0.1472222222222222
2 0.27361111111111114 0.15763888888888888 0.1444444444444444 0.22083333333333333
2 0.35 0.3482638888888889 0.09999999999999998 0.16041666666666665
2 0.3625 0.5256944444444445 0.07499999999999996 0.13749999999999996
3 0.12083333333333333 0.3385416666666667 0.1138888888888889 0.16319444444444442
3 0.1423611111111111 0.575 0.09999999999999999 0.13611111111111107
3 0.04930555555555556 0.14166666666666666 0.09861111111111112 0.21111111111111114
1 0.8177083333333334 0.14652777777777776 0.13541666666666674 0.21666666666666665
1 0.6795138888888889 0.36006944444444444 0.08680555555555558 0.15625
1 0.6795138888888889 0.5017361111111112 0.08680555555555558 0.14375000000000004
