0 0.540625 0.1076388888888889 0.08958333333333335 0.11249999999999999
0 0.5236111111111111 0.2503472222222222 0.07777777777777772 0.10624999999999998
0 0.4791666666666667 0.36666666666666664 0.10833333333333328 0.13611111111111107
2 0.3375 0.10347222222222222 0.09166666666666667 0.11249999999999999
2 0.3770833333333333 0.23125 0.07916666666666661 0.1097222222222222
2 0.36041666666666666 0.3815972222222222 0.09583333333333333 0.12708333333333333
3 0.16041666666666668 0.09722222222222224 0.11805555555555554 0.10833333333333335
3 0.17256944444444444 0.21597222222222223 0.07708333333333334 0.10416666666666666
3 0.11944444444444445 0.41805555555555557 0.09583333333333335 0.1333333333333333
1 0.7881944444444444 0.10381944444444445 0.13888888888888884 0.11875
1 0.6902777777777778 0.2517361111111111 0.0986111111111112 0.11041666666666669
1 0.7097222222222223 0.36875 0.11388888888888893 0.13194444444444442
