0 0.5677083333333334 0.15034722222222222 0.1020833333333333 0.15625
0 0.5510416666666667 0.3420138888888889 0.0854166666666667 0.14374999999999993
0 0.50625 0.4951388888888889 0.11250000000000004 0.1708333333333334
2 0.3402777777777778 0.14791666666666667 0.10555555555555551 0.1652777777777778
2 0.39375 0.3170138888888889 0.08750000000000002 0.15208333333333335
2 0.3854166666666667 0.5128472222222222 0.08750000000000002 0.1645833333333333
3 0.14444444444444443 0.13159722222222223 0.12083333333333335 0.15625
3 0.16631944444444444 0.2972222222222222 0.08124999999999999 0.1416666666666667
3 0.13333333333333333 0.5597222222222222 0.0888888888888889 0.16666666666666669
1 0.8385416666666666 0.1451388888888889 0.15625 0.17083333333333334
1 0.7322916666666667 0.3423611111111111 0.10902777777777772 0.15833333333333333
1 0.75 0.4954861111111112 0.11527777777777781 0.16458333333333336
