0 0.46875 0.13368055555555555 0.08749999999999997 0.07291666666666669
0 0.46562499999999996 0.22916666666666666 0.08124999999999999 0.07222222222222224
0 0.43020833333333336 0.30972222222222223 0.09375 0.09583333333333333
2 0.2809027777777778 0.13125 0.09236111111111112 0.0763888888888889
2 0.3277777777777778 0.21388888888888888 0.07777777777777783 0.07500000000000001
2 0.3215277777777778 0.32013888888888886 0.08472222222222225 0.08750000000000002
3 0.1111111111111111 0.12534722222222222 0.11249999999999999 0.07708333333333334
3 0.13020833333333334 0.20833333333333334 0.07430555555555557 0.07222222222222224
3 0.08402777777777778 0.3524305555555556 0.09166666666666667 0.09791666666666665
1 0.6857638888888888 0.13229166666666667 0.13263888888888897 0.07847222222222222
1 0.6177083333333333 0.22777777777777777 0.10347222222222219 0.07083333333333336
1 0.6451388888888889 0.30694444444444446 0.10972222222222228 0.09166666666666667
