0 0.5604166666666667 0.09791666666666667 0.10416666666666674 0.19305555555555556
0 0.5465277777777777 0.30833333333333335 0.08194444444444438 0.15555555555555556
0 0.5125 0.4597222222222222 0.09166666666666662 0.15833333333333333
2 0.3284722222222222 0.10034722222222223 0.1333333333333333 0.19375000000000003
2 0.39895833333333336 0.2875 0.1020833333333333 0.16388888888888886
2 0.40555555555555556 0.47847222222222224 0.07499999999999996 0.14583333333333337
3 0.18958333333333333 0.5263888888888889 0.09305555555555556 0.14999999999999997
3 0.17881944444444445 0.275 0.09791666666666665 0.16388888888888886
3 0.121875 0.09027777777777778 0.09930555555555556 0.18055555555555555
1 0.7201388888888889 0.4496527777777778 0.0888888888888888 0.15208333333333335
1 0.7138888888888889 0.30486111111111114 0.0888888888888888 0.15833333333333333
1 0.8364583333333333 0.09756944444444444 0.13541666666666674 0.19375
