0 0.5496527777777778 0.08125 0.08819444444444446 0.13194444444444445
0 0.5236111111111111 0.24375 0.07222222222222219 0.11805555555555552
0 0.4791666666666667 0.3763888888888889 0.10833333333333328 0.15000000000000002
2 0.3371527777777778 0.07430555555555557 0.09652777777777777 0.125
2 0.3784722222222222 0.21909722222222222 0.07916666666666661 0.12291666666666667
2 0.3625 0.38784722222222223 0.09166666666666667 0.14375000000000004
3 0.15694444444444444 0.06388888888888888 0.12083333333333335 0.125
3 0.1701388888888889 0.20347222222222222 0.07916666666666666 0.12083333333333335
3 0.12430555555555556 0.4236111111111111 0.09166666666666667 0.13750000000000007
1 0.7086805555555555 0.3802083333333333 0.10347222222222219 0.14236111111111105
1 0.6951388888888889 0.24722222222222223 0.10138888888888897 0.125
1 0.803125 0.08645833333333333 0.14375000000000004 0.13680555555555557
