0 0.5413194444444445 0.15 0.11180555555555555 0.20277777777777778
0 0.5208333333333334 0.3645833333333333 0.08333333333333331 0.15694444444444444
0 0.484375 0.5097222222222222 0.09791666666666665 0.14999999999999997
2 0.2857638888888889 0.1506944444444444 0.14513888888888893 0.2208333333333333
2 0.3614583333333333 0.34618055555555555 0.09791666666666665 0.1645833333333333
2 0.37569444444444444 0.5298611111111111 0.07638888888888884 0.13749999999999996
3 0.05694444444444444 0.1388888888888889 0.10416666666666667 0.21250000000000002
3 0.13229166666666667 0.3347222222222222 0.11319444444444443 0.16666666666666663
3 0.153125 0.5753472222222222 0.09652777777777777 0.14375000000000004
1 0.6951388888888889 0.35833333333333334 0.0888888888888888 0.15555555555555556
1 0.6961805555555556 0.5027777777777778 0.08680555555555558 0.13749999999999996
1 0.834375 0.1423611111111111 0.14375000000000004 0.21666666666666667
