0 0.5697916666666667 0.12083333333333332 0.09791666666666665 0.14444444444444443
0 0.5489583333333333 0.29583333333333334 0.08125000000000004 0.13055555555555554
0 0.5059027777777778 0.44375 0.10763888888888884 0.15972222222222215
2 0.3486111111111111 0.11076388888888888 0.10555555555555551 0.14375
2 0.39479166666666665 0.27291666666666664 0.0854166666666667 0.14305555555555557
2 0.3819444444444444 0.45729166666666665 0.09444444444444444 0.15902777777777777
3 0.159375 0.10243055555555555 0.12430555555555556 0.14375
3 0.18194444444444444 0.25555555555555554 0.07916666666666666 0.125
3 0.1375 0.49722222222222223 0.0888888888888889 0.15833333333333327
1 0.8381944444444445 0.11979166666666669 0.15555555555555545 0.15486111111111112
1 0.7274305555555556 0.2965277777777778 0.10763888888888884 0.1416666666666667
1 0.740625 0.44270833333333337 0.10902777777777772 0.15763888888888894
