0 0.540625 0.08680555555555555 0.1020833333333333 0.17083333333333334
0 0.525 0.2857638888888889 0.08749999999999997 0.1479166666666667
0 0.4895833333333333 0.4399305555555555 0.09583333333333333 0.15624999999999994
2 0.30659722222222224 0.08472222222222223 0.1284722222222222 0.16944444444444445
2 0.37395833333333334 0.26319444444444445 0.09375 0.16249999999999998
2 0.38333333333333336 0.4565972222222222 0.07499999999999996 0.1479166666666667
3 0.15902777777777777 0.5045138888888889 0.09166666666666667 0.16041666666666665
3 0.1579861111111111 0.2482638888888889 0.09791666666666665 0.1645833333333333
3 0.10486111111111111 0.07847222222222222 0.10416666666666666 0.14583333333333337
1 0.69375 0.28229166666666666 0.09444444444444433 0.16180555555555554
1 0.7024305555555556 0.4302083333333333 0.09930555555555554 0.1590277777777777
1 0.80625 0.08576388888888889 0.1499999999999999 0.17152777777777778
