0 0.44166666666666665 0.15763888888888888 0.09166666666666667 0.08750000000000001
0 0.440625 0.26458333333333334 0.0854166666666667 0.08472222222222225
0 0.4041666666666667 0.35659722222222223 0.09583333333333333 0.10624999999999996
2 0.2503472222222222 0.15555555555555556 0.09097222222222223 0.08333333333333331
2 0.29930555555555555 0.2513888888888889 0.07916666666666672 0.08333333333333334
2 0.29097222222222224 0.3732638888888889 0.0805555555555556 0.10624999999999996
3 0.07465277777777778 0.15138888888888888 0.11458333333333334 0.08333333333333331
3 0.09270833333333334 0.2503472222222222 0.07569444444444445 0.0854166666666667
3 0.04895833333333333 0.41180555555555554 0.08819444444444445 0.11250000000000004
1 0.6635416666666667 0.15208333333333332 0.1298611111111112 0.08472222222222221
1 0.590625 0.26145833333333335 0.09236111111111112 0.08819444444444446
1 0.6204861111111111 0.3548611111111111 0.11458333333333326 0.09999999999999998
