0 0.5215277777777778 0.08784722222222222 0.10138888888888892 0.16458333333333336
0 0.50625 0.2826388888888889 0.07916666666666661 0.14583333333333337
0 0.4736111111111111 0.43437500000000007 0.09722222222222227 0.15486111111111117
2 0.29618055555555556 0.08611111111111111 0.11597222222222225 0.17222222222222222
2 0.3590277777777778 0.2607638888888889 0.09027777777777779 0.15625
2 0.3645833333333333 0.4534722222222222 0.07499999999999996 0.15416666666666667
3 0.0965277777777778 0.08125 0.10833333333333335 0.15138888888888888
3 0.14444444444444443 0.24930555555555556 0.09166666666666667 0.1597222222222222
3 0.14340277777777777 0.5010416666666667 0.08958333333333335 0.15486111111111112
1 0.6753472222222222 0.278125 0.09513888888888888 0.15347222222222223
1 0.6861111111111111 0.42777777777777776 0.0986111111111112 0.15416666666666667
1 0.7819444444444444 0.08402777777777778 0.14861111111111103 0.16666666666666669
