0 0.5423611111111111 0.08368055555555555 0.0847222222222222 0.11875
0 0.5229166666666667 0.23368055555555556 0.07916666666666661 0.11458333333333334
0 0.47256944444444443 0.35555555555555557 0.10902777777777783 0.14166666666666672
2 0.3375 0.07708333333333334 0.09166666666666667 0.11805555555555557
2 0.3770833333333333 0.2125 0.07916666666666661 0.11388888888888887
2 0.35520833333333335 0.36944444444444446 0.09375 0.1333333333333333
3 0.11527777777777778 0.40347222222222223 0.09166666666666667 0.13749999999999996
3 0.16944444444444445 0.19618055555555555 0.07916666666666666 0.11458333333333331
3 0.15902777777777777 0.06979166666666667 0.11666666666666668 0.11597222222222221
1 0.7895833333333333 0.08819444444444445 0.1416666666666666 0.13333333333333333
1 0.6868055555555556 0.23923611111111112 0.09722222222222232 0.11874999999999997
1 0.6982638888888889 0.36041666666666666 0.10763888888888884 0.1347222222222222
