0 0.5611111111111111 0.09375 0.0888888888888888 0.1347222222222222
0 0.5368055555555555 0.26145833333333335 0.08194444444444443 0.1284722222222222
0 0.49166666666666664 0.40243055555555557 0.10833333333333328 0.15625
2 0.34479166666666666 0.08888888888888889 0.09791666666666665 0.13333333333333333
2 0.390625 0.2399305555555556 0.07708333333333339 0.12708333333333335
2 0.3715277777777778 0.41458333333333336 0.09305555555555556 0.14861111111111114
3 0.128125 0.45555555555555555 0.08819444444444446 0.15000000000000002
3 0.17569444444444443 0.22291666666666665 0.08333333333333331 0.12638888888888886
3 0.16111111111111112 0.07604166666666665 0.12083333333333335 0.13680555555555557
1 0.7274305555555556 0.40694444444444444 0.10763888888888884 0.15416666666666667
1 0.7118055555555556 0.26631944444444444 0.10555555555555562 0.13124999999999998
1 0.8208333333333333 0.09652777777777778 0.14583333333333326 0.15
