0 0.4395833333333333 0.14930555555555555 0.09583333333333333 0.08749999999999998
0 0.4329861111111111 0.2635416666666667 0.07847222222222217 0.08680555555555558
0 0.3996527777777778 0.35868055555555556 0.09652777777777777 0.11041666666666661
2 0.2465277777777778 0.14930555555555555 0.09027777777777779 0.08749999999999998
2 0.29444444444444445 0.246875 0.07777777777777783 0.08680555555555558
2 0.28923611111111114 0.37256944444444445 0.08402777777777781 0.10624999999999996
3 0.071875 0.14583333333333334 0.1173611111111111 0.0861111111111111
3 0.09062499999999998 0.24270833333333333 0.07847222222222221 0.08680555555555552
3 0.04479166666666667 0.41041666666666665 0.08819444444444445 0.11805555555555558
1 0.621875 0.35208333333333336 0.11180555555555549 0.10972222222222217
1 0.5947916666666667 0.2569444444444444 0.10069444444444442 0.08750000000000002
1 0.6649305555555556 0.14444444444444443 0.13263888888888897 0.08750000000000001
