0 0.4392361111111111 0.17916666666666667 0.09236111111111112 0.07777777777777778
0 0.434375 0.28541666666666665 0.08125000000000004 0.08194444444444446
0 0.40208333333333335 0.37222222222222223 0.09583333333333333 0.09999999999999998
2 0.24756944444444445 0.18055555555555555 0.09236111111111112 0.08333333333333331
2 0.2954861111111111 0.27291666666666664 0.07986111111111116 0.08472222222222225
2 0.29409722222222223 0.3875 0.08680555555555558 0.09722222222222221
3 0.07777777777777778 0.17708333333333334 0.11249999999999999 0.08194444444444443
3 0.09583333333333335 0.2670138888888889 0.07777777777777779 0.0854166666666667
3 0.05277777777777777 0.425 0.0875 0.10555555555555551
1 0.6163194444444444 0.36354166666666665 0.11041666666666661 0.10069444444444442
1 0.584375 0.28020833333333334 0.09513888888888888 0.08402777777777781
1 0.6576388888888889 0.17708333333333334 0.13055555555555554 0.0847222222222222
