0 0.5020833333333333 0.1451388888888889 0.09583333333333338 0.10416666666666669
0 0.48819444444444443 0.2743055555555556 0.08472222222222225 0.10416666666666666
0 0.44930555555555557 0.38472222222222224 0.10416666666666663 0.12916666666666665
2 0.2982638888888889 0.14201388888888888 0.09513888888888888 0.10625000000000001
2 0.3451388888888889 0.2569444444444444 0.08333333333333337 0.10416666666666666
2 0.33090277777777777 0.3993055555555556 0.08402777777777781 0.12083333333333335
3 0.08263888888888889 0.44305555555555554 0.1 0.1333333333333333
3 0.1329861111111111 0.25104166666666666 0.07708333333333334 0.10347222222222219
3 0.11770833333333333 0.1375 0.12430555555555556 0.10277777777777776
1 0.7423611111111111 0.14027777777777778 0.14444444444444438 0.10416666666666669
1 0.6545138888888888 0.2704861111111111 0.10347222222222219 0.1020833333333333
1 0.678125 0.3802083333333333 0.11736111111111103 0.12569444444444444
