0 0.5277777777777778 0.1284722222222222 0.08888888888888885 0.11249999999999999
0 0.5135416666666667 0.2659722222222222 0.08125000000000004 0.10416666666666666
0 0.4673611111111111 0.38055555555555554 0.10972222222222228 0.1333333333333333
2 0.32395833333333335 0.1232638888888889 0.09375 0.11458333333333331
2 0.36875 0.24722222222222223 0.07916666666666661 0.10833333333333336
2 0.3506944444444444 0.39375 0.09027777777777779 0.12638888888888888
3 0.10520833333333335 0.43472222222222223 0.09236111111111113 0.1333333333333333
3 0.15694444444444444 0.23645833333333333 0.07916666666666666 0.10763888888888887
3 0.14444444444444443 0.11666666666666667 0.12083333333333335 0.10555555555555557
1 0.775 0.12395833333333334 0.14583333333333326 0.12152777777777779
1 0.6815972222222222 0.26631944444444444 0.10347222222222219 0.11041666666666664
1 0.6951388888888889 0.38090277777777776 0.11388888888888893 0.12708333333333333
