0 0.5725694444444445 0.11875 0.10763888888888884 0.2013888888888889
0 0.5552083333333333 0.3333333333333333 0.0854166666666667 0.15555555555555556
0 0.521875 0.48159722222222223 0.09791666666666665 0.15208333333333335
2 0.32743055555555556 0.12222222222222222 0.13680555555555562 0.20833333333333334
2 0.4027777777777778 0.3159722222222222 0.09722222222222221 0.16249999999999998
2 0.41423611111111114 0.5020833333333333 0.07430555555555551 0.1430555555555555
3 0.10798611111111112 0.11284722222222224 0.09791666666666665 0.20208333333333334
3 0.178125 0.3055555555555556 0.10486111111111113 0.16666666666666663
3 0.19340277777777778 0.5513888888888889 0.09375 0.14999999999999997
1 0.7274305555555556 0.3298611111111111 0.09097222222222223 0.15833333333333333
1 0.7288194444444445 0.4756944444444444 0.09236111111111112 0.14999999999999997
1 0.8552083333333333 0.109375 0.14375000000000004 0.2090277777777778
