0 0.5444444444444444 0.09930555555555555 0.08888888888888885 0.11250000000000002
0 0.5215277777777778 0.24305555555555555 0.07361111111111107 0.10833333333333334
0 0.475 0.36180555555555555 0.10833333333333339 0.13750000000000007
2 0.3375 0.09097222222222222 0.09166666666666667 0.11250000000000002
2 0.37777777777777777 0.22291666666666668 0.0805555555555556 0.10972222222222222
2 0.3590277777777778 0.37430555555555556 0.09305555555555556 0.12916666666666665
3 0.12152777777777778 0.41041666666666665 0.09166666666666665 0.13194444444444442
3 0.17604166666666668 0.2065972222222222 0.08263888888888887 0.10624999999999998
3 0.1642361111111111 0.08472222222222223 0.11874999999999998 0.10833333333333334
1 0.7027777777777777 0.365625 0.10694444444444451 0.1298611111111111
1 0.6899305555555556 0.24583333333333332 0.09930555555555554 0.11388888888888887
1 0.7888888888888889 0.09965277777777778 0.13749999999999996 0.12291666666666667
