0 0.5854166666666667 0.2701388888888889 0.09583333333333344 0.09583333333333333
0 0.34965277777777776 0.3541666666666667 0.1368055555555555 0.07222222222222219
0 0.56875 0.4375 0.12083333333333335 0.07222222222222219
2 0.40902777777777777 0.15763888888888888 0.10972222222222228 0.07083333333333332
2 0.32430555555555557 0.23958333333333334 0.1347222222222222 0.10138888888888892
2 0.7052083333333333 0.25972222222222224 0.10624999999999996 0.09583333333333333
3 0.3190972222222222 0.5722222222222222 0.1284722222222222 0.09166666666666656
3 0.43854166666666666 0.6375 0.12708333333333333 0.0888888888888888
3 0.5163194444444444 0.14618055555555556 0.12847222222222215 0.10208333333333335
1 0.15520833333333334 0.3645833333333333 0.12152777777777779 0.0986111111111111
1 0.3017361111111111 0.4579861111111111 0.14375000000000002 0.09375
1 0.5402777777777777 0.5760416666666667 0.1166666666666667 0.10902777777777772
