0 0.5819444444444445 0.27847222222222223 0.10277777777777786 0.09583333333333333
0 0.3350694444444444 0.3458333333333333 0.13402777777777775 0.0805555555555556
0 0.55 0.44479166666666664 0.1166666666666667 0.0756944444444444
2 0.4131944444444444 0.15416666666666667 0.10972222222222228 0.0722222222222222
2 0.3215277777777778 0.23229166666666667 0.13194444444444442 0.10902777777777775
2 0.6989583333333333 0.27743055555555557 0.1020833333333333 0.1020833333333333
3 0.521875 0.1482638888888889 0.12291666666666662 0.10625000000000001
3 0.29305555555555557 0.5586805555555555 0.12638888888888888 0.08958333333333335
3 0.40694444444444444 0.6326388888888889 0.12777777777777777 0.10416666666666674
1 0.5111111111111111 0.5798611111111112 0.1166666666666667 0.1166666666666667
1 0.2809027777777778 0.4496527777777778 0.15208333333333335 0.1020833333333333
1 0.14756944444444445 0.34652777777777777 0.12291666666666667 0.10833333333333339
