0 0.4527777777777778 0.22395833333333334 0.09722222222222221 0.1340277777777778
0 0.44131944444444443 0.46875 0.06180555555555556 0.10972222222222228
0 0.6197916666666666 0.43680555555555556 0.11874999999999991 0.07916666666666661
2 0.5736111111111111 0.17708333333333334 0.07222222222222219 0.12638888888888888
2 0.684375 0.23541666666666666 0.05624999999999991 0.09305555555555556
2 0.6715277777777777 0.5565972222222222 0.09305555555555545 0.11874999999999997
3 0.23194444444444445 0.25972222222222224 0.0625 0.1166666666666667
3 0.19722222222222222 0.3902777777777778 0.0763888888888889 0.1166666666666667
3 0.7340277777777777 0.33541666666666664 0.09027777777777768 0.12638888888888888
1 0.2923611111111111 0.47986111111111107 0.09444444444444444 0.12499999999999994
1 0.3302083333333333 0.20763888888888887 0.07013888888888886 0.12083333333333332
1 0.38298611111111114 0.05625 0.06874999999999998 0.10694444444444444
