0 0.4625 0.30416666666666664 0.08333333333333331 0.12222222222222223
0 0.36041666666666666 0.5284722222222222 0.08750000000000002 0.12083333333333335
0 0.5416666666666666 0.56875 0.125 0.10694444444444451
2 0.6010416666666667 0.31180555555555556 0.1020833333333333 0.12916666666666665
2 0.6854166666666667 0.40208333333333335 0.08749999999999991 0.0986111111111111
2 0.5465277777777777 0.7045138888888889 0.11805555555555558 0.1020833333333333
3 0.2513888888888889 0.2604166666666667 0.09305555555555556 0.11805555555555558
3 0.165625 0.3645833333333333 0.11180555555555555 0.11805555555555558
3 0.6909722222222222 0.51875 0.13055555555555554 0.12777777777777777
1 0.4673611111111111 0.12569444444444444 0.09583333333333338 0.11666666666666668
1 0.3576388888888889 0.2454861111111111 0.10833333333333328 0.13125000000000003
1 0.22152777777777777 0.48020833333333335 0.12083333333333335 0.11736111111111108
