0 0.453125 0.3229166666666667 0.07291666666666663 0.11805555555555558
0 0.365625 0.5541666666666667 0.08125000000000004 0.12222222222222223
0 0.5506944444444445 0.5805555555555556 0.11805555555555558 0.10000000000000009
2 0.5854166666666667 0.31875 0.10416666666666674 0.1347222222222222
2 0.675 0.40520833333333334 0.08333333333333326 0.10486111111111107
2 0.5614583333333333 0.7045138888888889 0.11874999999999991 0.1020833333333333
3 0.6958333333333333 0.5208333333333334 0.1166666666666667 0.12777777777777777
3 0.1579861111111111 0.40034722222222224 0.10625000000000001 0.12291666666666667
3 0.23576388888888888 0.29097222222222224 0.09513888888888888 0.12916666666666665
1 0.4427083333333333 0.146875 0.09513888888888888 0.1173611111111111
1 0.3423611111111111 0.27395833333333336 0.10416666666666663 0.1284722222222222
1 0.22361111111111112 0.5152777777777777 0.11666666666666664 0.12083333333333335
