0 0.484375 0.2569444444444444 0.09930555555555554 0.1333333333333333
0 0.3402777777777778 0.45833333333333326 0.10555555555555551 0.12222222222222218
0 0.5104166666666666 0.534375 0.11250000000000004 0.11319444444444443
2 0.6194444444444445 0.2951388888888889 0.12222222222222223 0.12916666666666665
2 0.6822916666666666 0.40034722222222224 0.09791666666666665 0.1020833333333333
2 0.48715277777777777 0.6649305555555556 0.12013888888888885 0.09375
3 0.6701388888888888 0.5149305555555556 0.12916666666666665 0.12291666666666662
3 0.284375 0.17430555555555555 0.1090277777777778 0.12083333333333335
3 0.18055555555555555 0.25833333333333336 0.125 0.1138888888888889
1 0.2131944444444444 0.3892361111111111 0.12083333333333332 0.10624999999999996
1 0.3923611111111111 0.1840277777777778 0.125 0.125
1 0.5211805555555555 0.08611111111111111 0.10624999999999996 0.11666666666666665
