0 0.4270833333333333 0.2815972222222222 0.13750000000000007 0.12708333333333333
0 0.678125 0.3770833333333333 0.11874999999999991 0.06805555555555554
0 0.5423611111111111 0.4951388888888889 0.10138888888888892 0.11250000000000004
2 0.5006944444444444 0.18333333333333332 0.10138888888888892 0.12222222222222223
2 0.625 0.17326388888888888 0.08333333333333326 0.09791666666666665
2 0.7767361111111111 0.4545138888888889 0.057638888888888795 0.11041666666666661
3 0.26284722222222223 0.42430555555555555 0.09930555555555554 0.12083333333333335
3 0.3034722222222222 0.5520833333333334 0.10555555555555551 0.13194444444444442
3 0.7152777777777778 0.2361111111111111 0.0888888888888888 0.1166666666666667
1 0.42569444444444443 0.5798611111111112 0.0708333333333333 0.1166666666666667
1 0.3177083333333333 0.334375 0.1284722222222222 0.13402777777777775
1 0.28194444444444444 0.17465277777777777 0.09166666666666667 0.11875000000000001
