0 0.49722222222222223 0.2503472222222222 0.10833333333333339 0.13541666666666663
0 0.34375 0.4388888888888889 0.10416666666666663 0.1166666666666667
0 0.5111111111111111 0.5253472222222222 0.11111111111111116 0.11458333333333331
2 0.628125 0.290625 0.12291666666666656 0.12430555555555556
2 0.6913194444444445 0.4 0.10347222222222219 0.10277777777777775
2 0.4822916666666667 0.6545138888888888 0.11874999999999997 0.08958333333333335
3 0.30277777777777776 0.15034722222222222 0.11111111111111108 0.11874999999999998
3 0.19444444444444442 0.23055555555555557 0.12083333333333332 0.1166666666666667
3 0.6715277777777777 0.5138888888888888 0.12638888888888888 0.1166666666666667
1 0.22152777777777777 0.3642361111111111 0.12083333333333335 0.09791666666666665
1 0.40729166666666666 0.16354166666666667 0.13263888888888886 0.12430555555555556
1 0.5454861111111111 0.07673611111111112 0.11041666666666661 0.11875000000000001
