0 0.43819444444444444 0.26805555555555555 0.13194444444444442 0.1333333333333333
0 0.6777777777777778 0.3802083333333333 0.11388888888888893 0.06319444444444444
0 0.5322916666666667 0.4854166666666666 0.09791666666666665 0.11527777777777776
2 0.5177083333333333 0.17118055555555556 0.09791666666666665 0.13124999999999998
2 0.6423611111111112 0.1763888888888889 0.08194444444444438 0.10000000000000003
2 0.775 0.4684027777777778 0.05833333333333335 0.11458333333333337
3 0.2586805555555556 0.39375 0.09097222222222223 0.11527777777777781
3 0.2857638888888889 0.5284722222222222 0.09513888888888888 0.12083333333333335
3 0.7319444444444444 0.24270833333333333 0.07777777777777772 0.11319444444444443
1 0.40902777777777777 0.5611111111111111 0.0625 0.11250000000000004
1 0.3246527777777778 0.3076388888888889 0.11041666666666661 0.13749999999999998
1 0.29965277777777777 0.14270833333333333 0.07708333333333339 0.11736111111111112
