0 0.5402777777777777 0.23680555555555555 0.061111111111111116 0.09583333333333333
0 0.353125 0.3972222222222222 0.14375000000000004 0.10833333333333328
0 0.5888888888888889 0.39618055555555554 0.1166666666666667 0.06458333333333333
2 0.3295138888888889 0.1909722222222222 0.10763888888888884 0.04583333333333334
2 0.27847222222222223 0.3013888888888889 0.1347222222222222 0.06666666666666665
2 0.6444444444444445 0.18472222222222223 0.11111111111111116 0.07500000000000001
3 0.4215277777777778 0.14305555555555555 0.12638888888888888 0.0722222222222222
3 0.4114583333333333 0.6125 0.11875000000000002 0.05277777777777781
3 0.553125 0.6274305555555556 0.11874999999999997 0.06458333333333344
1 0.17291666666666666 0.4829861111111111 0.11944444444444446 0.07291666666666669
1 0.3506944444444444 0.5173611111111112 0.1416666666666666 0.09166666666666662
1 0.6114583333333333 0.5361111111111111 0.11736111111111103 0.08749999999999997
