0 0.5027777777777778 0.2385416666666667 0.11388888888888893 0.12847222222222224
0 0.33958333333333335 0.4201388888888889 0.10833333333333339 0.12083333333333335
0 0.50625 0.5131944444444444 0.10416666666666669 0.12083333333333335
2 0.6302083333333334 0.2826388888888889 0.1312500000000001 0.12083333333333335
2 0.6885416666666667 0.39652777777777776 0.1020833333333333 0.09583333333333333
2 0.46770833333333334 0.6430555555555556 0.12291666666666667 0.09166666666666656
3 0.3145833333333333 0.13159722222222223 0.1069444444444444 0.11458333333333331
3 0.20069444444444445 0.20347222222222222 0.125 0.11250000000000002
3 0.6684027777777778 0.5083333333333333 0.12430555555555567 0.11388888888888893
1 0.22152777777777777 0.3385416666666667 0.12083333333333335 0.10069444444444442
1 0.4197916666666667 0.1527777777777778 0.12430555555555556 0.12083333333333335
1 0.5590277777777778 0.06527777777777778 0.11250000000000004 0.11250000000000002
