0 0.5173611111111112 0.19409722222222223 0.05972222222222223 0.09791666666666665
0 0.3697916666666667 0.38993055555555556 0.15208333333333335 0.12708333333333333
0 0.5979166666666667 0.3388888888888889 0.11250000000000004 0.08333333333333337
2 0.2722222222222222 0.3076388888888889 0.1333333333333333 0.0708333333333333
2 0.2982638888888889 0.18888888888888888 0.10347222222222219 0.05833333333333335
2 0.6069444444444444 0.1232638888888889 0.11111111111111116 0.06458333333333333
3 0.38125 0.12638888888888888 0.12083333333333335 0.05833333333333335
3 0.47152777777777777 0.5847222222222223 0.12638888888888888 0.07499999999999996
3 0.6114583333333333 0.5673611111111111 0.12708333333333344 0.08749999999999991
1 0.2111111111111111 0.5048611111111111 0.11666666666666664 0.05833333333333335
1 0.39340277777777777 0.503125 0.15208333333333335 0.11319444444444443
1 0.6503472222222222 0.4684027777777778 0.11180555555555549 0.06458333333333333
