0 0.5322916666666667 0.22013888888888888 0.06041666666666656 0.09583333333333333
0 0.36354166666666665 0.403125 0.1479166666666667 0.12430555555555556
0 0.596875 0.3770833333333333 0.10624999999999996 0.07361111111111107
2 0.3170138888888889 0.19305555555555556 0.10763888888888895 0.04999999999999999
2 0.2767361111111111 0.30972222222222223 0.12569444444444444 0.05833333333333335
2 0.6302083333333334 0.16180555555555556 0.11041666666666661 0.07083333333333336
3 0.403125 0.13993055555555556 0.12291666666666667 0.06874999999999999
3 0.4395833333333333 0.6083333333333333 0.125 0.06388888888888888
3 0.5840277777777778 0.6104166666666667 0.12638888888888888 0.07638888888888884
1 0.19479166666666667 0.4965277777777778 0.11736111111111108 0.06666666666666665
1 0.37256944444444445 0.5163194444444444 0.14374999999999993 0.09375
1 0.6309027777777778 0.5125 0.11458333333333326 0.07777777777777772
