0 0.403125 0.3003472222222222 0.13958333333333328 0.11875000000000002
0 0.6625 0.35625 0.11250000000000004 0.08194444444444449
0 0.5520833333333334 0.49166666666666664 0.11250000000000004 0.11111111111111105
2 0.45729166666666665 0.1909722222222222 0.11041666666666661 0.12916666666666665
2 0.5770833333333333 0.16805555555555557 0.09583333333333344 0.09166666666666667
2 0.7722222222222223 0.4114583333333333 0.06666666666666665 0.10763888888888895
3 0.2659722222222222 0.46875 0.1097222222222222 0.11805555555555558
3 0.3277777777777778 0.5888888888888889 0.11111111111111105 0.125
3 0.6760416666666667 0.20972222222222223 0.09791666666666665 0.11666666666666664
1 0.4486111111111111 0.5930555555555556 0.08333333333333337 0.125
1 0.30520833333333336 0.3684027777777778 0.13819444444444443 0.13124999999999998
1 0.24444444444444444 0.21666666666666667 0.10000000000000003 0.11944444444444446
