0 0.478125 0.2763888888888889 0.09375 0.1333333333333333
0 0.34375 0.4833333333333333 0.09583333333333333 0.11944444444444441
0 0.5194444444444445 0.5482638888888889 0.11388888888888893 0.11041666666666661
2 0.6104166666666667 0.3 0.12083333333333335 0.13888888888888892
2 0.678125 0.3993055555555556 0.09791666666666665 0.10416666666666663
3 0.6777777777777778 0.5180555555555556 0.12222222222222223 0.125
2 0.503125 0.6802083333333333 0.12291666666666662 0.09652777777777777
3 0.17256944444444444 0.29305555555555557 0.11875000000000001 0.125
3 0.26979166666666665 0.2013888888888889 0.10763888888888887 0.125
1 0.2125 0.4197916666666667 0.11805555555555552 0.10486111111111107
1 0.37777777777777777 0.20277777777777778 0.1166666666666667 0.125
1 0.5006944444444444 0.09652777777777778 0.10416666666666669 0.11666666666666667
