0 0.43333333333333335 0.30833333333333335 0.08333333333333337 0.12777777777777777
0 0.38333333333333336 0.5451388888888888 0.06666666666666665 0.1166666666666667
0 0.5694444444444444 0.54375 0.11944444444444446 0.0930555555555555
2 0.5652777777777778 0.2795138888888889 0.0888888888888888 0.13124999999999998
2 0.665625 0.35208333333333336 0.07708333333333339 0.10972222222222217
2 0.6010416666666667 0.6725694444444444 0.10624999999999996 0.11736111111111103
3 0.15486111111111112 0.43125 0.09166666666666667 0.11805555555555558
3 0.21354166666666666 0.30868055555555557 0.07569444444444445 0.12291666666666667
3 0.7006944444444444 0.45972222222222214 0.10694444444444451 0.12499999999999994
1 0.23819444444444443 0.5329861111111112 0.10416666666666666 0.12708333333333327
1 0.3173611111111111 0.26944444444444443 0.09166666666666667 0.12916666666666665
1 0.3923611111111111 0.13090277777777778 0.07499999999999996 0.11041666666666666
