0 0.5194444444444445 0.21249999999999997 0.05277777777777781 0.09444444444444441
0 0.3590277777777778 0.3993055555555556 0.14027777777777783 0.12083333333333335
0 0.5923611111111111 0.36666666666666664 0.11527777777777781 0.07222222222222219
2 0.26979166666666665 0.3125 0.1298611111111111 0.061111111111111116
2 0.3055555555555556 0.19722222222222222 0.10138888888888886 0.04999999999999999
2 0.6173611111111111 0.1486111111111111 0.10972222222222228 0.07083333333333335
3 0.3902777777777778 0.13854166666666667 0.13055555555555554 0.06180555555555556
3 0.446875 0.6013888888888889 0.12291666666666662 0.07499999999999996
3 0.5881944444444445 0.5982638888888889 0.12638888888888888 0.08125000000000004
1 0.1954861111111111 0.5048611111111111 0.11874999999999997 0.05833333333333335
1 0.37395833333333334 0.5152777777777777 0.15069444444444446 0.10416666666666669
1 0.6326388888888889 0.49756944444444445 0.1166666666666667 0.06874999999999998
