0 0.6104166666666667 0.2972222222222222 0.10416666666666674 0.09999999999999998
0 0.35625 0.32534722222222223 0.13750000000000007 0.09375
0 0.5520833333333334 0.4552083333333333 0.12083333333333335 0.08819444444444446
2 0.4708333333333333 0.14548611111111112 0.10833333333333339 0.08124999999999999
2 0.36666666666666664 0.20451388888888888 0.1333333333333333 0.11458333333333334
2 0.73125 0.3159722222222222 0.08749999999999991 0.10416666666666663
3 0.27569444444444446 0.5211805555555555 0.12361111111111112 0.1020833333333333
3 0.37430555555555556 0.6138888888888889 0.12916666666666665 0.10833333333333339
3 0.5729166666666666 0.15763888888888888 0.1166666666666667 0.10833333333333334
1 0.17256944444444444 0.28715277777777776 0.11458333333333331 0.11041666666666669
1 0.2798611111111111 0.4131944444444444 0.15416666666666667 0.10833333333333339
1 0.48541666666666666 0.5802083333333333 0.10555555555555551 0.11736111111111103
