0 0.4392361111111111 0.271875 0.09097222222222223 0.1298611111111111
0 0.39791666666666664 0.5125 0.0625 0.11944444444444446
0 0.5809027777777778 0.5034722222222222 0.11736111111111103 0.08749999999999997
2 0.5635416666666667 0.240625 0.0854166666666667 0.13263888888888892
2 0.6697916666666667 0.3076388888888889 0.06875000000000009 0.10416666666666663
2 0.6173611111111111 0.628125 0.10694444444444451 0.12430555555555545
3 0.7069444444444445 0.41597222222222224 0.09722222222222232 0.12916666666666665
3 0.21631944444444445 0.2826388888888889 0.07708333333333331 0.12083333333333335
3 0.1642361111111111 0.40729166666666666 0.08541666666666665 0.12430555555555556
1 0.2513888888888889 0.5079861111111111 0.10416666666666666 0.12291666666666662
1 0.31666666666666665 0.24236111111111114 0.08472222222222225 0.12500000000000003
1 0.38958333333333334 0.09652777777777778 0.0805555555555556 0.11666666666666667
