0 0.6208333333333333 0.31180555555555556 0.10833333333333339 0.09583333333333333
0 0.3614583333333333 0.3229166666666667 0.14375000000000004 0.0986111111111111
0 0.553125 0.46875 0.11874999999999997 0.09861111111111115
2 0.490625 0.15347222222222223 0.11041666666666661 0.08750000000000001
2 0.3854166666666667 0.20208333333333334 0.12916666666666665 0.11805555555555558
2 0.7402777777777778 0.34270833333333334 0.08055555555555549 0.10486111111111107
3 0.2701388888888889 0.5138888888888888 0.11805555555555558 0.10833333333333339
3 0.3645833333333333 0.6138888888888889 0.12083333333333335 0.11250000000000004
3 0.5979166666666667 0.17326388888888888 0.11805555555555558 0.11875000000000001
1 0.18611111111111112 0.2746527777777778 0.10833333333333334 0.11458333333333334
1 0.2833333333333333 0.40729166666666666 0.14861111111111114 0.1201388888888889
1 0.4756944444444444 0.5927083333333333 0.10416666666666669 0.12569444444444433
