0 0.5791666666666667 0.28541666666666665 0.10000000000000009 0.0986111111111111
0 0.3302083333333333 0.34270833333333334 0.13402777777777775 0.07986111111111105
0 0.5385416666666667 0.45034722222222223 0.11874999999999997 0.07708333333333339
2 0.41770833333333335 0.153125 0.11041666666666661 0.07569444444444445
2 0.32534722222222223 0.22708333333333333 0.13263888888888886 0.10972222222222222
2 0.6986111111111111 0.28541666666666665 0.09444444444444455 0.0986111111111111
3 0.5239583333333333 0.15763888888888888 0.12708333333333327 0.11249999999999999
3 0.2763888888888889 0.5472222222222223 0.12638888888888888 0.09166666666666656
3 0.38645833333333335 0.6291666666666667 0.12708333333333333 0.10277777777777786
1 0.14270833333333333 0.3298611111111111 0.1201388888888889 0.10833333333333328
1 0.2673611111111111 0.4423611111111111 0.14583333333333337 0.10833333333333339
1 0.49166666666666664 0.5822916666666667 0.1069444444444444 0.11319444444444438
