0 0.4204861111111111 0.29409722222222223 0.1381944444444445 0.11875000000000002
0 0.6767361111111111 0.36666666666666664 0.11597222222222214 0.07777777777777783
0 0.553125 0.49409722222222224 0.11041666666666661 0.11458333333333337
2 0.48194444444444445 0.18888888888888888 0.10555555555555551 0.125
2 0.6017361111111111 0.1701388888888889 0.09236111111111112 0.09583333333333333
2 0.7791666666666667 0.43680555555555556 0.05833333333333335 0.11250000000000004
3 0.2690972222222222 0.44791666666666663 0.11180555555555557 0.11527777777777776
3 0.31805555555555554 0.5715277777777777 0.11388888888888893 0.12083333333333335
3 0.6979166666666666 0.22118055555555555 0.09583333333333344 0.11875000000000002
1 0.44027777777777777 0.5902777777777778 0.07499999999999996 0.12083333333333335
1 0.31527777777777777 0.3506944444444444 0.12916666666666665 0.1416666666666666
1 0.2673611111111111 0.19236111111111112 0.09166666666666667 0.11666666666666664
