0 0.44895833333333335 0.23993055555555556 0.08958333333333335 0.13125000000000003
0 0.4201388888888889 0.48333333333333334 0.0625 0.11111111111111105
0 0.6041666666666666 0.46597222222222223 0.1166666666666667 0.08749999999999997
2 0.56875 0.2013888888888889 0.08749999999999991 0.1333333333333333
2 0.6777777777777778 0.26493055555555556 0.06944444444444442 0.1020833333333333
2 0.64375 0.5868055555555556 0.10416666666666674 0.12083333333333335
3 0.18194444444444444 0.3888888888888889 0.07500000000000001 0.1166666666666667
3 0.22604166666666667 0.26180555555555557 0.07569444444444445 0.12083333333333335
3 0.7236111111111111 0.36944444444444446 0.09722222222222232 0.1333333333333333
1 0.27152777777777776 0.4840277777777777 0.09999999999999998 0.12499999999999994
1 0.3277777777777778 0.2152777777777778 0.07499999999999996 0.12083333333333335
1 0.3902777777777778 0.06527777777777778 0.07499999999999996 0.11250000000000002
