0 0.4697916666666666 0.2920138888888889 0.08541666666666664 0.13124999999999998
0 0.346875 0.5034722222222222 0.09791666666666665 0.125
0 0.5333333333333333 0.5638888888888889 0.1166666666666667 0.1166666666666667
2 0.6069444444444444 0.30659722222222224 0.11388888888888893 0.13124999999999998
2 0.6833333333333333 0.4041666666666667 0.09166666666666656 0.10277777777777775
2 0.5239583333333333 0.6958333333333333 0.11874999999999997 0.10277777777777786
3 0.6864583333333333 0.5208333333333334 0.12708333333333344 0.11944444444444446
3 0.1642361111111111 0.32430555555555557 0.1173611111111111 0.12083333333333335
3 0.25972222222222224 0.228125 0.10138888888888886 0.11736111111111108
1 0.4840277777777778 0.11145833333333334 0.10416666666666663 0.12013888888888888
1 0.36770833333333336 0.22569444444444445 0.11319444444444449 0.1291666666666667
1 0.21319444444444444 0.4527777777777777 0.11666666666666664 0.11249999999999999
