0 0.5163194444444444 0.20069444444444445 0.0534722222222222 0.09583333333333333
0 0.3645833333333333 0.3920138888888889 0.14583333333333337 0.12291666666666667
0 0.5958333333333333 0.35 0.1166666666666667 0.0805555555555556
2 0.26805555555555555 0.3090277777777778 0.12638888888888888 0.0708333333333333
2 0.2986111111111111 0.1920138888888889 0.10277777777777775 0.060416666666666674
2 0.609375 0.13055555555555556 0.11041666666666661 0.06666666666666665
3 0.38125 0.13055555555555556 0.12083333333333335 0.05833333333333335
3 0.45833333333333326 0.5930555555555556 0.12499999999999994 0.08333333333333326
3 0.6010416666666667 0.5815972222222222 0.12708333333333321 0.0854166666666667
1 0.20069444444444445 0.5017361111111112 0.12083333333333335 0.052083333333333315
1 0.384375 0.5069444444444444 0.1465277777777778 0.10416666666666669
1 0.6399305555555556 0.4809027777777778 0.11597222222222214 0.06458333333333338
