0 0.5125 0.23125 0.10833333333333339 0.13194444444444442
0 0.3423611111111111 0.40555555555555556 0.10972222222222228 0.1166666666666667
0 0.50625 0.5045138888888889 0.10416666666666669 0.11874999999999997
2 0.6361111111111111 0.28020833333333334 0.13055555555555554 0.1298611111111111
2 0.6902777777777778 0.3958333333333333 0.09722222222222232 0.09722222222222221
2 0.46458333333333335 0.6336805555555556 0.12083333333333335 0.08958333333333335
3 0.20937500000000003 0.1909722222222222 0.12430555555555559 0.11249999999999999
3 0.32222222222222224 0.12118055555555556 0.10555555555555551 0.11458333333333334
3 0.6684027777777778 0.5034722222222222 0.12569444444444433 0.10833333333333339
1 0.428125 0.14270833333333333 0.13263888888888886 0.11736111111111112
1 0.22777777777777775 0.3246527777777778 0.12499999999999997 0.1020833333333333
1 0.565625 0.059027777777777776 0.11597222222222214 0.11666666666666667
