0 0.5506944444444445 0.25069444444444444 0.07361111111111107 0.10416666666666666
0 0.3489583333333333 0.39479166666666665 0.14374999999999993 0.09930555555555554
0 0.5829861111111111 0.4166666666666667 0.11319444444444438 0.05277777777777781
2 0.346875 0.1857638888888889 0.11041666666666672 0.052083333333333315
2 0.6614583333333334 0.21180555555555555 0.10624999999999996 0.08749999999999997
2 0.28402777777777777 0.2916666666666667 0.13194444444444442 0.08611111111111114
3 0.44375 0.15138888888888888 0.12916666666666665 0.08333333333333331
3 0.38263888888888886 0.6149305555555555 0.12083333333333335 0.06458333333333344
3 0.521875 0.6409722222222223 0.12291666666666662 0.0625
1 0.16215277777777778 0.459375 0.12291666666666667 0.08402777777777781
1 0.33229166666666665 0.5152777777777777 0.14097222222222228 0.0708333333333333
1 0.5944444444444444 0.559375 0.1166666666666667 0.09236111111111112
