0 0.44652777777777775 0.23333333333333334 0.11805555555555552 0.13611111111111107
0 0.6486111111111111 0.4076388888888889 0.11111111111111116 0.0708333333333333
0 0.47708333333333336 0.4708333333333333 0.07916666666666672 0.11944444444444446
2 0.5569444444444445 0.1638888888888889 0.07222222222222219 0.125
2 0.6739583333333333 0.20069444444444445 0.05624999999999991 0.09583333333333333
3 0.7402777777777778 0.29097222222222224 0.07777777777777772 0.12083333333333335
2 0.7177083333333333 0.5201388888888889 0.0854166666666667 0.12083333333333335
3 0.24097222222222223 0.30451388888888886 0.0763888888888889 0.11458333333333334
3 0.22916666666666666 0.4375 0.08055555555555555 0.12222222222222223
1 0.33819444444444446 0.5076388888888889 0.07916666666666661 0.12083333333333335
1 0.3298611111111111 0.23923611111111112 0.08750000000000002 0.13125000000000003
1 0.34756944444444443 0.07395833333333333 0.05625000000000002 0.11180555555555557
