0 0.5447916666666667 0.24722222222222223 0.06875000000000009 0.09166666666666667
0 0.3472222222222222 0.3993055555555556 0.1430555555555555 0.10416666666666663
0 0.584375 0.4076388888888889 0.11041666666666661 0.0625
2 0.3350694444444444 0.18958333333333333 0.10902777777777772 0.056944444444444464
2 0.65 0.20069444444444445 0.10833333333333339 0.07916666666666666
2 0.2795138888888889 0.2951388888888889 0.13263888888888886 0.07499999999999996
3 0.4284722222222222 0.14791666666666667 0.12916666666666665 0.0763888888888889
3 0.39479166666666665 0.6135416666666667 0.11458333333333337 0.06180555555555545
3 0.5354166666666667 0.6333333333333333 0.12083333333333335 0.05555555555555558
1 0.6010416666666667 0.5486111111111112 0.1201388888888888 0.08749999999999991
1 0.34131944444444445 0.515625 0.13958333333333328 0.07986111111111116
1 0.16527777777777777 0.4704861111111111 0.125 0.07708333333333328
