0 0.4444444444444444 0.23819444444444443 0.12222222222222223 0.13750000000000004
0 0.6621527777777778 0.39375 0.11180555555555549 0.05138888888888893
0 0.4979166666666667 0.4732638888888889 0.08749999999999997 0.12291666666666667
2 0.5434027777777778 0.16180555555555556 0.07569444444444451 0.1291666666666667
2 0.6666666666666666 0.18541666666666667 0.06666666666666665 0.09305555555555556
2 0.7399305555555555 0.4982638888888889 0.07708333333333339 0.11458333333333337
3 0.24756944444444445 0.33055555555555555 0.07569444444444443 0.1166666666666667
3 0.25104166666666666 0.4638888888888889 0.07569444444444443 0.125
3 0.7409722222222223 0.2670138888888889 0.0708333333333333 0.11041666666666664
1 0.3611111111111111 0.5194444444444445 0.06666666666666665 0.12083333333333335
1 0.328125 0.25729166666666664 0.09930555555555554 0.1298611111111111
1 0.33229166666666665 0.09236111111111112 0.05902777777777779 0.11249999999999999
