0 0.5569444444444445 0.2586805555555556 0.08055555555555549 0.09791666666666665
0 0.35 0.39305555555555555 0.14583333333333337 0.09166666666666667
0 0.584375 0.42430555555555555 0.11041666666666661 0.054166666666666696
2 0.3590277777777778 0.18541666666666667 0.11527777777777781 0.05972222222222223
2 0.6708333333333333 0.22638888888888886 0.10833333333333339 0.09166666666666665
2 0.29618055555555556 0.2826388888888889 0.13263888888888886 0.08750000000000002
3 0.3736111111111111 0.6104166666666667 0.11944444444444446 0.06527777777777777
3 0.5104166666666666 0.6458333333333334 0.12083333333333335 0.06944444444444442
3 0.4579861111111111 0.15034722222222222 0.12847222222222215 0.08541666666666665
1 0.5850694444444444 0.5659722222222222 0.12291666666666656 0.09583333333333344
1 0.32916666666666666 0.5090277777777777 0.1347222222222222 0.07499999999999996
1 0.16111111111111112 0.4465277777777778 0.125 0.08333333333333337
