0 0.5416666666666666 0.2295138888888889 0.05833333333333335 0.09375000000000003
0 0.3625 0.4013888888888889 0.14583333333333337 0.1166666666666667
0 0.5996527777777778 0.38680555555555557 0.11319444444444438 0.0708333333333333
2 0.3263888888888889 0.19409722222222223 0.10138888888888886 0.04791666666666666
2 0.2795138888888889 0.30416666666666664 0.12430555555555556 0.06388888888888888
2 0.6402777777777777 0.175 0.11388888888888893 0.07222222222222219
3 0.415625 0.14097222222222222 0.12708333333333333 0.07083333333333332
3 0.43125 0.6097222222222223 0.12083333333333335 0.06666666666666665
3 0.5725694444444445 0.6180555555555556 0.12569444444444455 0.06666666666666665
1 0.18645833333333334 0.4892361111111111 0.11736111111111114 0.06875000000000003
1 0.3663194444444444 0.5163194444444444 0.1479166666666667 0.0854166666666667
1 0.628125 0.5256944444444445 0.11597222222222214 0.08333333333333331
