0 0.3885416666666667 0.31527777777777777 0.1395833333333334 0.10833333333333339
0 0.65 0.34652777777777777 0.10833333333333339 0.08750000000000002
0 0.55 0.4909722222222222 0.1166666666666667 0.10416666666666663
2 0.43333333333333335 0.19930555555555557 0.1166666666666667 0.1166666666666667
2 0.5458333333333333 0.16805555555555557 0.10416666666666669 0.09166666666666667
2 0.7642361111111111 0.3951388888888889 0.07430555555555562 0.10416666666666663
3 0.6489583333333333 0.19826388888888885 0.1020833333333333 0.12291666666666665
3 0.26666666666666666 0.4888888888888888 0.12222222222222223 0.11249999999999999
3 0.33784722222222224 0.6041666666666666 0.12430555555555556 0.12222222222222223
1 0.22152777777777777 0.240625 0.10416666666666666 0.11319444444444443
1 0.296875 0.3861111111111111 0.14513888888888893 0.12083333333333335
1 0.45902777777777776 0.5986111111111111 0.09583333333333333 0.12916666666666665
