0 0.4479166666666667 0.3326388888888889 0.0708333333333333 0.12083333333333335
0 0.3697916666666667 0.56875 0.07291666666666663 0.12361111111111112
0 0.5597222222222222 0.5836805555555555 0.1166666666666667 0.1020833333333333
2 0.5791666666666667 0.3170138888888889 0.10000000000000009 0.13124999999999998
2 0.6729166666666667 0.39826388888888886 0.07916666666666661 0.10624999999999996
2 0.5770833333333333 0.7149305555555555 0.11250000000000004 0.11874999999999991
3 0.15381944444444445 0.4305555555555556 0.10208333333333332 0.125
3 0.228125 0.31493055555555555 0.08680555555555552 0.12708333333333333
3 0.6979166666666666 0.5111111111111111 0.11250000000000004 0.1333333333333333
1 0.4236111111111111 0.15694444444444444 0.09166666666666667 0.11666666666666668
1 0.3302083333333333 0.28923611111111114 0.09513888888888888 0.12708333333333333
1 0.22604166666666667 0.5413194444444445 0.11319444444444443 0.11874999999999997
