0 0.43854166666666666 0.3333333333333333 0.07708333333333328 0.12222222222222223
0 0.375 0.5711805555555556 0.0708333333333333 0.11874999999999991
0 0.5635416666666667 0.5784722222222223 0.11874999999999991 0.09583333333333344
2 0.5704861111111111 0.3138888888888889 0.09513888888888888 0.1333333333333333
2 0.6704861111111111 0.3909722222222222 0.07847222222222228 0.11250000000000004
2 0.590625 0.7038194444444444 0.11458333333333326 0.11319444444444438
3 0.6979166666666666 0.49930555555555556 0.1166666666666667 0.12916666666666665
3 0.21979166666666666 0.3236111111111111 0.07986111111111108 0.125
3 0.15381944444444445 0.4409722222222222 0.09791666666666665 0.12083333333333335
1 0.40729166666666666 0.15520833333333334 0.09097222222222223 0.11736111111111112
1 0.3236111111111111 0.29131944444444446 0.09166666666666667 0.12708333333333333
1 0.2263888888888889 0.5489583333333333 0.10416666666666669 0.12847222222222215
