0 0.5916666666666667 0.2902777777777778 0.10000000000000009 0.09999999999999998
0 0.33993055555555557 0.33229166666666665 0.1368055555555555 0.08263888888888893
0 0.5444444444444444 0.4534722222222222 0.11944444444444446 0.08333333333333337
2 0.43819444444444444 0.15104166666666666 0.10972222222222228 0.0798611111111111
2 0.34097222222222223 0.21597222222222223 0.13055555555555554 0.1166666666666667
2 0.7104166666666667 0.30243055555555554 0.09583333333333344 0.1020833333333333
3 0.2722222222222222 0.5347222222222222 0.12638888888888888 0.10000000000000003
3 0.37569444444444444 0.6208333333333333 0.12361111111111112 0.10555555555555562
3 0.5493055555555556 0.15729166666666666 0.12083333333333335 0.1076388888888889
1 0.15486111111111112 0.3090277777777778 0.11249999999999999 0.10833333333333339
1 0.27291666666666664 0.428125 0.14444444444444446 0.10486111111111107
1 0.4868055555555555 0.5809027777777778 0.11666666666666664 0.11874999999999991
