0 0.440625 0.25625 0.12291666666666667 0.1347222222222222
0 0.6708333333333333 0.3909722222222222 0.11250000000000004 0.054166666666666696
0 0.5180555555555556 0.48368055555555556 0.09166666666666662 0.11874999999999997
2 0.5329861111111112 0.16805555555555557 0.08819444444444446 0.1333333333333333
2 0.6569444444444444 0.18229166666666666 0.06944444444444442 0.09236111111111112
2 0.7604166666666666 0.4854166666666666 0.0708333333333333 0.11527777777777776
3 0.25381944444444443 0.3638888888888889 0.08819444444444446 0.11250000000000004
3 0.27326388888888886 0.49722222222222223 0.09513888888888888 0.125
3 0.7371527777777778 0.25729166666666664 0.07152777777777786 0.10763888888888892
1 0.3861111111111111 0.5434027777777778 0.0625 0.11458333333333331
1 0.325 0.28402777777777777 0.1069444444444444 0.1333333333333333
1 0.3173611111111111 0.11979166666666667 0.0708333333333333 0.11319444444444446
