0 0.634375 0.3347222222222222 0.11041666666666661 0.09166666666666667
0 0.3729166666666667 0.32569444444444445 0.14583333333333337 0.10416666666666663
0 0.55 0.48541666666666666 0.1166666666666667 0.0986111111111111
2 0.40729166666666666 0.2086805555555556 0.12708333333333333 0.12708333333333335
2 0.51875 0.16354166666666667 0.10416666666666669 0.08680555555555554
2 0.7496527777777777 0.3729166666666667 0.07986111111111116 0.10972222222222228
3 0.26493055555555556 0.5065972222222223 0.1201388888888889 0.10624999999999996
3 0.346875 0.6138888888888889 0.12708333333333333 0.1166666666666667
3 0.6215277777777778 0.18993055555555555 0.10694444444444451 0.11458333333333331
1 0.20069444444444445 0.2621527777777778 0.10416666666666666 0.11458333333333334
1 0.2902777777777778 0.4027777777777778 0.1416666666666667 0.12083333333333335
1 0.46458333333333335 0.6006944444444444 0.09722222222222227 0.125
