0 0.5173611111111112 0.2659722222222222 0.11805555555555558 0.08750000000000002
0 0.3416666666666667 0.43993055555555555 0.125 0.1020833333333333
0 0.53125 0.5336805555555556 0.1333333333333333 0.11874999999999997
3 0.73125 0.5461805555555556 0.1625000000000001 0.09791666666666665
3 0.2048611111111111 0.2423611111111111 0.1333333333333333 0.07916666666666666
3 0.3190972222222222 0.19270833333333334 0.1118055555555556 0.09513888888888888
2 0.6729166666666667 0.33368055555555554 0.13749999999999996 0.11041666666666661
2 0.74375 0.42951388888888886 0.12083333333333335 0.08125000000000004
2 0.4895833333333333 0.6673611111111111 0.15416666666666667 0.09444444444444455
1 0.22152777777777777 0.3798611111111111 0.12916666666666665 0.08333333333333337
1 0.42777777777777776 0.19444444444444445 0.1333333333333333 0.07083333333333336
1 0.5680555555555555 0.1326388888888889 0.10833333333333339 0.10416666666666669
