0 0.47187500000000004 0.2552083333333333 0.09791666666666671 0.07986111111111108
0 0.33958333333333335 0.46145833333333336 0.11250000000000004 0.10763888888888895
0 0.553125 0.5180555555555556 0.1395833333333334 0.10833333333333339
2 0.6256944444444444 0.2972222222222222 0.11805555555555558 0.11250000000000002
2 0.7215277777777778 0.37743055555555555 0.10694444444444451 0.08958333333333335
2 0.5458333333333333 0.6576388888888889 0.14999999999999997 0.1166666666666667
3 0.740625 0.4927083333333334 0.15208333333333335 0.10347222222222224
3 0.2534722222222222 0.21493055555555557 0.10972222222222225 0.10624999999999998
3 0.1486111111111111 0.28541666666666665 0.1291666666666667 0.09027777777777779
1 0.19375 0.4215277777777778 0.13611111111111113 0.09999999999999998
1 0.36527777777777776 0.20173611111111112 0.125 0.0854166666666667
1 0.48506944444444444 0.11423611111111111 0.09791666666666665 0.10208333333333333
