0 0.65625 0.31875 0.12083333333333335 0.07361111111111107
0 0.38333333333333336 0.2982638888888889 0.15833333333333333 0.0854166666666667
0 0.584375 0.4583333333333333 0.13541666666666674 0.08611111111111114
2 0.41041666666666665 0.21875 0.12916666666666665 0.10277777777777775
2 0.5215277777777778 0.1857638888888889 0.10138888888888892 0.060416666666666674
2 0.7895833333333333 0.35208333333333336 0.09583333333333344 0.09027777777777779
3 0.628125 0.21249999999999997 0.11458333333333326 0.08888888888888888
3 0.2638888888888889 0.47118055555555555 0.1347222222222222 0.11041666666666672
3 0.36354166666666665 0.5753472222222222 0.15208333333333335 0.11458333333333326
1 0.4996527777777778 0.5864583333333333 0.11875000000000002 0.13680555555555562
1 0.28854166666666664 0.36354166666666665 0.16180555555555554 0.10069444444444442
1 0.18854166666666666 0.23506944444444444 0.11180555555555555 0.11458333333333334
