0 0.6114583333333333 0.2420138888888889 0.09375 0.08541666666666664
0 0.359375 0.3013888888888889 0.15208333333333335 0.06666666666666665
0 0.6145833333333334 0.39305555555555555 0.12916666666666665 0.050000000000000044
2 0.325 0.2243055555555556 0.14722222222222225 0.09583333333333335
2 0.4131944444444444 0.15416666666666667 0.11805555555555558 0.05555555555555558
2 0.7333333333333333 0.23229166666666667 0.1166666666666667 0.07569444444444443
3 0.33784722222222224 0.5135416666666667 0.14930555555555558 0.08819444444444446
3 0.49236111111111114 0.5760416666666667 0.15972222222222215 0.08680555555555558
3 0.5208333333333334 0.15138888888888888 0.1333333333333333 0.07500000000000001
1 0.3111111111111111 0.396875 0.17500000000000002 0.08402777777777781
1 0.14548611111111112 0.29965277777777777 0.13958333333333334 0.11041666666666664
1 0.5975694444444445 0.5434027777777778 0.1312500000000001 0.11874999999999997
