0 0.4527777777777778 0.23993055555555554 0.0888888888888889 0.09374999999999997
0 0.40208333333333335 0.4722222222222222 0.07916666666666661 0.10833333333333339
0 0.6277777777777778 0.4649305555555555 0.14722222222222214 0.08541666666666664
2 0.5927083333333333 0.23993055555555556 0.0854166666666667 0.11041666666666666
2 0.7163194444444444 0.29097222222222224 0.07013888888888897 0.08333333333333334
2 0.6833333333333333 0.5979166666666667 0.1333333333333333 0.13194444444444442
3 0.7739583333333333 0.39305555555555555 0.11458333333333326 0.1166666666666667
3 0.2152777777777778 0.2513888888888889 0.08750000000000002 0.11250000000000002
3 0.13854166666666667 0.35 0.11736111111111112 0.10277777777777775
1 0.23402777777777778 0.47986111111111107 0.12083333333333335 0.11666666666666664
1 0.3246527777777778 0.2111111111111111 0.09375 0.07916666666666666
1 0.4027777777777778 0.096875 0.08333333333333337 0.11597222222222223
