0 0.4770833333333334 0.16458333333333333 0.07083333333333336 0.08194444444444443
0 0.2795138888888889 0.29097222222222224 0.17847222222222225 0.12083333333333335
0 0.546875 0.3072916666666667 0.13125000000000003 0.0673611111111111
2 0.1840277777777778 0.2263888888888889 0.15000000000000002 0.07500000000000001
2 0.24305555555555552 0.1284722222222222 0.1222222222222222 0.03749999999999999
2 0.5847222222222223 0.12430555555555556 0.12083333333333335 0.06388888888888888
3 0.35520833333333335 0.50625 0.1479166666666667 0.056944444444444464
3 0.5302083333333333 0.5107638888888889 0.15208333333333335 0.07708333333333339
3 0.34131944444444445 0.09722222222222222 0.1381944444444444 0.05833333333333332
1 0.2798611111111111 0.3972222222222222 0.1791666666666667 0.1166666666666667
1 0.06805555555555555 0.3579861111111111 0.1361111111111111 0.10624999999999996
1 0.5864583333333333 0.4496527777777778 0.13263888888888897 0.09375
