0 0.49166666666666664 0.2701388888888889 0.10416666666666663 0.07916666666666669
0 0.33194444444444443 0.4597222222222222 0.12777777777777777 0.10833333333333328
0 0.5364583333333334 0.5388888888888889 0.13125000000000003 0.10833333333333339
3 0.2864583333333333 0.2086805555555556 0.11319444444444446 0.09791666666666668
3 0.17256944444444444 0.2670138888888889 0.13124999999999998 0.08125000000000002
3 0.7319444444444444 0.5347222222222222 0.15555555555555567 0.10000000000000003
2 0.6465277777777778 0.3232638888888889 0.12361111111111112 0.10624999999999996
2 0.7288194444444445 0.41597222222222224 0.11319444444444438 0.08333333333333337
2 0.5079861111111111 0.6729166666666667 0.15347222222222223 0.10694444444444451
1 0.20381944444444444 0.40208333333333335 0.13124999999999998 0.08194444444444449
1 0.3954861111111111 0.20729166666666668 0.13124999999999998 0.0798611111111111
1 0.5277777777777778 0.1361111111111111 0.10000000000000003 0.10416666666666669
