0 0.5770833333333333 0.19305555555555556 0.07916666666666661 0.08333333333333331
0 0.3545138888888889 0.2916666666666667 0.1659722222222222 0.09722222222222221
0 0.6208333333333333 0.34097222222222223 0.125 0.054166666666666696
3 0.4541666666666667 0.11180555555555556 0.13333333333333336 0.07083333333333333
3 0.3885416666666667 0.5118055555555555 0.14375000000000004 0.0708333333333333
3 0.5635416666666667 0.54375 0.1479166666666667 0.06527777777777777
2 0.28229166666666666 0.21805555555555556 0.1465277777777778 0.08333333333333334
2 0.35520833333333335 0.1295138888888889 0.11875000000000002 0.04375000000000001
2 0.6875 0.16493055555555555 0.1166666666666667 0.07291666666666669
1 0.6385416666666667 0.48715277777777777 0.1298611111111112 0.1020833333333333
1 0.3371527777777778 0.39444444444444443 0.17291666666666672 0.07916666666666672
1 0.1361111111111111 0.328125 0.14999999999999997 0.10486111111111107
