0 0.39444444444444443 0.2847222222222222 0.1527777777777778 0.10833333333333336
0 0.6760416666666667 0.3607638888888889 0.12708333333333321 0.06874999999999998
0 0.5517361111111111 0.4840277777777778 0.1340277777777778 0.09999999999999998
2 0.4541666666666666 0.21458333333333332 0.11249999999999999 0.10972222222222222
2 0.5809027777777778 0.20034722222222223 0.10069444444444442 0.06874999999999998
2 0.8 0.42430555555555555 0.07916666666666661 0.09583333333333333
3 0.6875 0.24618055555555557 0.10833333333333339 0.09375
3 0.21979166666666666 0.42951388888888886 0.12152777777777779 0.11458333333333337
3 0.2795138888888889 0.5513888888888889 0.13263888888888886 0.1166666666666667
1 0.42465277777777777 0.5927083333333333 0.09791666666666665 0.14236111111111116
1 0.2809027777777778 0.32881944444444444 0.1395833333333333 0.11458333333333337
1 0.23020833333333335 0.19131944444444443 0.09513888888888891 0.11458333333333331
