0 0.5041666666666667 0.26805555555555555 0.10833333333333339 0.08333333333333334
0 0.3375 0.4513888888888889 0.12777777777777777 0.10833333333333328
0 0.5302083333333333 0.5368055555555555 0.13125000000000003 0.11250000000000004
2 0.49479166666666663 0.6763888888888889 0.14791666666666664 0.10000000000000009
2 0.6604166666666667 0.3347222222222222 0.12916666666666665 0.10833333333333328
2 0.7375 0.425 0.1166666666666667 0.08611111111111114
3 0.3055555555555556 0.2 0.10555555555555551 0.09722222222222221
3 0.18715277777777778 0.25555555555555554 0.13124999999999998 0.08333333333333334
3 0.7298611111111111 0.54375 0.15972222222222232 0.09861111111111115
1 0.2111111111111111 0.39166666666666666 0.1291666666666667 0.08611111111111114
1 0.4097222222222222 0.20277777777777778 0.1333333333333333 0.07916666666666666
1 0.5472222222222223 0.134375 0.10416666666666669 0.10069444444444446
