0 0.5944444444444444 0.21493055555555557 0.08611111111111103 0.0854166666666667
0 0.3663194444444444 0.30416666666666664 0.16180555555555554 0.09444444444444444
0 0.6243055555555556 0.3680555555555556 0.12916666666666665 0.050000000000000044
3 0.48958333333333337 0.12638888888888888 0.1291666666666667 0.07083333333333332
3 0.3802083333333333 0.5229166666666667 0.14374999999999993 0.07638888888888884
3 0.5465277777777777 0.5645833333333333 0.15138888888888885 0.07638888888888884
2 0.3013888888888889 0.22743055555555552 0.14722222222222225 0.08958333333333332
2 0.37916666666666665 0.13993055555555556 0.12083333333333335 0.04375000000000001
2 0.7125 0.19479166666666667 0.11805555555555558 0.07430555555555557
1 0.6319444444444444 0.5152777777777777 0.14027777777777772 0.10416666666666669
1 0.3333333333333333 0.4027777777777778 0.17361111111111108 0.08750000000000002
1 0.14548611111111112 0.3260416666666667 0.14375 0.10763888888888884
