0 0.528125 0.2604166666666667 0.11874999999999997 0.08472222222222225
0 0.34444444444444444 0.42743055555555554 0.13055555555555554 0.1020833333333333
0 0.53125 0.528125 0.12916666666666665 0.11736111111111108
2 0.6822916666666666 0.3315972222222222 0.1395833333333334 0.10624999999999996
2 0.7479166666666667 0.43020833333333336 0.125 0.07847222222222217
2 0.4822916666666667 0.659375 0.15625 0.08819444444444446
3 0.7340277777777777 0.55 0.15972222222222232 0.1027777777777778
3 0.33541666666666664 0.18125 0.11250000000000004 0.0986111111111111
3 0.21423611111111107 0.22951388888888888 0.12291666666666665 0.07708333333333334
1 0.2267361111111111 0.3625 0.13125000000000003 0.07222222222222219
1 0.43819444444444444 0.18819444444444444 0.13749999999999996 0.07500000000000001
1 0.5822916666666667 0.128125 0.10902777777777772 0.10486111111111113
