0 0.45 0.23819444444444443 0.08333333333333337 0.09583333333333333
0 0.375 0.4722222222222222 0.09166666666666667 0.10833333333333339
0 0.6020833333333333 0.4774305555555556 0.14583333333333326 0.09375
3 0.21423611111111107 0.2388888888888889 0.09374999999999997 0.10833333333333334
3 0.12708333333333333 0.3326388888888889 0.12361111111111112 0.09583333333333333
3 0.7625 0.4149305555555556 0.125 0.11041666666666661
2 0.5979166666666667 0.2552083333333333 0.10416666666666674 0.11319444444444446
2 0.715625 0.3076388888888889 0.0854166666666667 0.08333333333333337
2 0.6416666666666667 0.61875 0.1416666666666666 0.13194444444444442
1 0.2076388888888889 0.4652777777777778 0.13333333333333336 0.11250000000000004
1 0.32256944444444446 0.2013888888888889 0.1020833333333333 0.08333333333333331
1 0.4166666666666667 0.09513888888888888 0.08194444444444449 0.11249999999999999
