0 0.6840277777777778 0.3576388888888889 0.12361111111111112 0.0708333333333333
0 0.40520833333333334 0.30868055555555557 0.15208333333333335 0.09791666666666665
0 0.5861111111111111 0.48993055555555554 0.13611111111111107 0.09375
2 0.44791666666666663 0.23576388888888888 0.12083333333333329 0.11041666666666664
2 0.5659722222222222 0.2076388888888889 0.11250000000000004 0.07083333333333336
2 0.8142361111111112 0.40520833333333334 0.09236111111111112 0.09513888888888888
3 0.6729166666666667 0.24374999999999997 0.11250000000000004 0.09027777777777776
3 0.25763888888888886 0.4732638888888889 0.12638888888888888 0.11458333333333337
3 0.3402777777777778 0.5857638888888889 0.14444444444444438 0.12708333333333344
1 0.48194444444444445 0.6114583333333333 0.10833333333333328 0.1381944444444445
1 0.30104166666666665 0.3611111111111111 0.15347222222222223 0.10416666666666663
1 0.225 0.23194444444444445 0.10138888888888892 0.12083333333333335
