0 0.6590277777777778 0.3145833333333333 0.10972222222222228 0.08194444444444449
0 0.38125 0.30416666666666664 0.15416666666666667 0.08611111111111114
0 0.59375 0.4565972222222222 0.13749999999999996 0.08125000000000004
3 0.6177083333333333 0.20833333333333334 0.11874999999999991 0.08611111111111108
3 0.27534722222222224 0.48854166666666665 0.1409722222222222 0.10486111111111107
3 0.3885416666666667 0.5847222222222223 0.15625 0.10833333333333339
2 0.39861111111111114 0.23472222222222222 0.13611111111111107 0.10833333333333331
2 0.5069444444444444 0.1840277777777778 0.11111111111111116 0.0625
2 0.7875 0.3388888888888889 0.10000000000000009 0.08750000000000002
1 0.5204861111111111 0.590625 0.12291666666666662 0.1381944444444445
1 0.296875 0.37777777777777777 0.16180555555555554 0.10416666666666663
1 0.18611111111111112 0.25416666666666665 0.1166666666666667 0.11944444444444446
