0 0.5204861111111111 0.17291666666666666 0.0715277777777778 0.08472222222222225
0 0.30868055555555557 0.2878472222222222 0.1659722222222222 0.11041666666666669
0 0.5777777777777777 0.3211805555555556 0.13055555555555554 0.06458333333333333
3 0.39375 0.09583333333333333 0.13750000000000007 0.06388888888888887
3 0.365625 0.5052083333333334 0.14375000000000004 0.061805555555555614
3 0.5423611111111111 0.5243055555555556 0.15138888888888885 0.0625
2 0.2920138888888889 0.12534722222222222 0.11597222222222225 0.03958333333333332
2 0.6302083333333334 0.1388888888888889 0.11874999999999991 0.06666666666666665
2 0.22569444444444445 0.21909722222222222 0.14861111111111108 0.08125000000000002
1 0.09270833333333334 0.3423611111111111 0.1465277777777778 0.09999999999999998
1 0.3020833333333333 0.3923611111111111 0.1722222222222222 0.09166666666666667
1 0.6069444444444444 0.4673611111111111 0.1333333333333333 0.10000000000000003
