0 0.45416666666666666 0.2482638888888889 0.08333333333333337 0.08125000000000002
0 0.33611111111111114 0.4638888888888889 0.10555555555555551 0.10833333333333339
0 0.5572916666666666 0.50625 0.14375000000000004 0.10138888888888892
3 0.23229166666666667 0.22013888888888888 0.1048611111111111 0.10416666666666666
3 0.12708333333333333 0.2972222222222222 0.13194444444444442 0.09166666666666667
3 0.7385416666666667 0.46770833333333334 0.1479166666666667 0.11319444444444449
2 0.6090277777777777 0.2826388888888889 0.11527777777777781 0.12083333333333335
2 0.7090277777777778 0.35555555555555557 0.10138888888888897 0.09166666666666667
2 0.5635416666666667 0.646875 0.15208333333333335 0.12152777777777768
1 0.184375 0.4361111111111111 0.13680555555555554 0.10416666666666663
1 0.3392361111111111 0.19895833333333332 0.12291666666666667 0.08680555555555552
1 0.4548611111111111 0.10729166666666666 0.09583333333333333 0.1048611111111111
