0 0.42986111111111114 0.23333333333333334 0.1347222222222222 0.10555555555555554
0 0.6822916666666666 0.39618055555555554 0.1312500000000001 0.04791666666666672
0 0.4979166666666667 0.4739583333333333 0.10416666666666669 0.10902777777777783
3 0.20381944444444444 0.3138888888888889 0.08124999999999999 0.10833333333333339
3 0.19444444444444445 0.4409722222222222 0.08749999999999997 0.11250000000000004
3 0.7621527777777778 0.28958333333333336 0.07847222222222228 0.09027777777777779
2 0.7916666666666666 0.49930555555555556 0.08333333333333326 0.12083333333333335
2 0.5375 0.19409722222222223 0.09166666666666662 0.11041666666666666
2 0.6722222222222223 0.2107638888888889 0.07499999999999996 0.07291666666666669
1 0.3267361111111111 0.5340277777777778 0.08958333333333335 0.125
1 0.29791666666666666 0.24270833333333333 0.10555555555555554 0.1159722222222222
1 0.31354166666666666 0.10069444444444445 0.06319444444444444 0.11666666666666665
