0 0.5260416666666666 0.25763888888888886 0.11874999999999997 0.08750000000000002
0 0.33993055555555557 0.42777777777777776 0.1284722222222222 0.09999999999999998
0 0.5333333333333333 0.5274305555555555 0.125 0.11874999999999997
3 0.7354166666666667 0.54375 0.1625000000000001 0.09861111111111115
3 0.21493055555555557 0.22395833333333334 0.1284722222222222 0.07430555555555557
3 0.3333333333333333 0.17916666666666667 0.10833333333333328 0.09444444444444444
2 0.678125 0.32430555555555557 0.14375000000000004 0.11250000000000004
2 0.7479166666666667 0.42430555555555555 0.12083333333333335 0.07916666666666672
2 0.48125 0.6583333333333333 0.15416666666666667 0.09027777777777768
1 0.22604166666666667 0.36215277777777777 0.12986111111111115 0.07291666666666663
1 0.434375 0.18541666666666667 0.1381944444444444 0.06805555555555554
1 0.5770833333333333 0.12256944444444444 0.10277777777777786 0.10208333333333333
