0 0.42083333333333334 0.265625 0.14166666666666672 0.10902777777777775
0 0.6923611111111111 0.3958333333333333 0.13194444444444442 0.061111111111111116
0 0.525 0.49375 0.1166666666666667 0.10972222222222228
3 0.7444444444444445 0.2826388888888889 0.0888888888888888 0.09166666666666667
3 0.20902777777777778 0.3753472222222222 0.10000000000000003 0.11458333333333337
3 0.23159722222222223 0.5020833333333333 0.10347222222222219 0.12638888888888888
2 0.5104166666666666 0.21041666666666667 0.09583333333333338 0.11527777777777776
2 0.6447916666666667 0.21597222222222223 0.0854166666666667 0.0708333333333333
2 0.8114583333333333 0.48472222222222217 0.06458333333333344 0.11666666666666664
1 0.3704861111111111 0.5743055555555555 0.07291666666666663 0.12916666666666665
1 0.2965277777777778 0.28923611111111114 0.12083333333333335 0.11041666666666664
1 0.28194444444444444 0.14965277777777777 0.07499999999999998 0.11874999999999998
