0 0.4166666666666667 0.2847222222222222 0.15000000000000002 0.10833333333333336
0 0.6986111111111111 0.38055555555555554 0.12777777777777777 0.06666666666666665
0 0.5572916666666666 0.49687500000000007 0.13125000000000003 0.10347222222222224
3 0.22951388888888888 0.42118055555555556 0.11180555555555555 0.11458333333333337
3 0.27743055555555557 0.5451388888888888 0.1284722222222222 0.12916666666666665
3 0.71875 0.26458333333333334 0.10416666666666674 0.09305555555555556
2 0.4854166666666666 0.21909722222222222 0.11249999999999999 0.11875000000000002
2 0.6152777777777778 0.20972222222222223 0.09722222222222232 0.06666666666666665
2 0.8208333333333333 0.45208333333333334 0.07499999999999996 0.1069444444444444
1 0.4215277777777778 0.6010416666666667 0.08750000000000002 0.14097222222222228
1 0.29756944444444444 0.32256944444444446 0.13541666666666663 0.11875000000000002
1 0.25729166666666664 0.18020833333333333 0.09236111111111112 0.12430555555555556
