0 0.4458333333333333 0.23993055555555556 0.12499999999999994 0.11041666666666666
0 0.48819444444444443 0.4875 0.09305555555555556 0.10277777777777775
0 0.6878472222222223 0.4184027777777778 0.12291666666666656 0.05208333333333337
2 0.5604166666666667 0.20868055555555556 0.07916666666666661 0.11041666666666666
2 0.6958333333333333 0.23333333333333334 0.07499999999999996 0.06944444444444442
2 0.7861111111111111 0.5336805555555556 0.09722222222222232 0.12708333333333338
3 0.7822916666666667 0.3177083333333333 0.08125000000000004 0.09652777777777777
3 0.20729166666666668 0.30868055555555557 0.0715277777777778 0.10624999999999996
3 0.18472222222222223 0.43368055555555557 0.07500000000000001 0.11041666666666672
1 0.31319444444444444 0.5381944444444444 0.09583333333333333 0.125
1 0.3111111111111111 0.2423611111111111 0.09166666666666667 0.10833333333333334
1 0.3423611111111111 0.10486111111111111 0.0625 0.11666666666666667
