0 0.6510416666666666 0.29930555555555555 0.1020833333333333 0.08333333333333337
0 0.3875 0.3159722222222222 0.15000000000000002 0.0708333333333333
0 0.6173611111111111 0.4461805555555556 0.13194444444444442 0.06874999999999998
2 0.48611111111111105 0.18263888888888888 0.11388888888888887 0.0625
2 0.3875 0.23680555555555555 0.14166666666666672 0.09583333333333333
2 0.7791666666666667 0.31354166666666666 0.10833333333333339 0.08680555555555558
3 0.5986111111111111 0.19930555555555557 0.12222222222222223 0.07916666666666666
3 0.3121527777777778 0.5086805555555556 0.1465277777777778 0.1020833333333333
3 0.4423611111111111 0.5958333333333333 0.15972222222222215 0.10277777777777786
1 0.5631944444444444 0.5868055555555556 0.12916666666666665 0.12916666666666665
1 0.315625 0.3923611111111111 0.16736111111111107 0.09999999999999998
1 0.18506944444444445 0.28055555555555556 0.12291666666666667 0.1166666666666667
