0 0.4840277777777778 0.26458333333333334 0.10138888888888886 0.09027777777777779
0 0.33819444444444446 0.46458333333333335 0.11527777777777781 0.11527777777777781
0 0.5479166666666667 0.5315972222222223 0.13749999999999996 0.11458333333333331
2 0.6385416666666667 0.3128472222222222 0.12291666666666656 0.11458333333333337
2 0.7291666666666666 0.3951388888888889 0.10833333333333339 0.08750000000000002
2 0.528125 0.6708333333333333 0.15625 0.11111111111111116
3 0.7395833333333334 0.5170138888888889 0.15416666666666656 0.11041666666666661
3 0.16354166666666667 0.27743055555555557 0.12569444444444444 0.08958333333333335
3 0.2743055555555556 0.21388888888888888 0.10555555555555554 0.10000000000000003
1 0.20173611111111112 0.4131944444444444 0.13541666666666663 0.09166666666666667
1 0.3840277777777778 0.20381944444444444 0.12916666666666665 0.07708333333333334
1 0.5072916666666667 0.12430555555555556 0.10069444444444442 0.10416666666666669
