0 0.39444444444444443 0.3055555555555556 0.1527777777777778 0.09166666666666667
0 0.671875 0.33819444444444446 0.11597222222222214 0.0708333333333333
0 0.5881944444444445 0.475 0.1347222222222222 0.08611111111111108
3 0.6510416666666666 0.22708333333333333 0.11458333333333326 0.0847222222222222
3 0.2607638888888889 0.475 0.13263888888888886 0.11388888888888893
3 0.3572916666666667 0.5805555555555556 0.1479166666666667 0.1166666666666667
2 0.4270833333333333 0.22951388888888888 0.12916666666666665 0.11041666666666666
2 0.540625 0.19583333333333333 0.11041666666666661 0.06388888888888888
2 0.8027777777777778 0.37777777777777777 0.09444444444444455 0.09166666666666667
1 0.49236111111111114 0.603125 0.11250000000000004 0.1381944444444445
1 0.2986111111111111 0.3663194444444444 0.15833333333333333 0.11458333333333337
1 0.21006944444444445 0.23472222222222222 0.10625000000000001 0.1166666666666667
