0 0.5895833333333333 0.2013888888888889 0.07916666666666661 0.08333333333333331
0 0.36354166666666665 0.2951388888888889 0.16041666666666665 0.09583333333333333
0 0.6270833333333333 0.3541666666666667 0.125 0.05555555555555558
2 0.29409722222222223 0.22013888888888888 0.14513888888888893 0.08750000000000002
2 0.37083333333333335 0.1375 0.1166666666666667 0.04444444444444445
2 0.7059027777777778 0.18055555555555555 0.11597222222222214 0.06666666666666665
3 0.47777777777777786 0.12013888888888889 0.13611111111111113 0.07083333333333333
3 0.3861111111111111 0.5166666666666667 0.1444444444444445 0.07777777777777772
3 0.5576388888888889 0.5524305555555555 0.15416666666666662 0.06875000000000009
1 0.14444444444444443 0.3263888888888889 0.14166666666666666 0.10833333333333328
1 0.33819444444444446 0.3951388888888889 0.1708333333333334 0.07916666666666672
1 0.6399305555555556 0.5006944444444444 0.13263888888888897 0.10833333333333339
