0 0.396875 0.2972222222222222 0.15625 0.09999999999999998
0 0.6791666666666667 0.3607638888888889 0.125 0.06874999999999998
0 0.5673611111111111 0.48993055555555554 0.1347222222222222 0.09375
3 0.23576388888888888 0.4493055555555555 0.1284722222222222 0.12083333333333329
3 0.30659722222222224 0.5711805555555556 0.13680555555555554 0.12291666666666656
3 0.6777777777777778 0.24930555555555556 0.11111111111111116 0.09166666666666667
2 0.44861111111111107 0.22534722222222223 0.11944444444444441 0.11458333333333331
2 0.5708333333333333 0.2076388888888889 0.10833333333333339 0.07500000000000001
2 0.8072916666666666 0.41597222222222224 0.08958333333333335 0.09583333333333333
1 0.221875 0.209375 0.10347222222222219 0.11736111111111108
1 0.2875 0.3454861111111111 0.1513888888888889 0.11041666666666672
1 0.44756944444444446 0.6017361111111111 0.1020833333333333 0.13541666666666674
