0 0.60625 0.23229166666666667 0.08749999999999991 0.08402777777777781
0 0.3645833333333333 0.30243055555555554 0.15416666666666667 0.0854166666666667
0 0.6215277777777778 0.38472222222222224 0.12638888888888888 0.050000000000000044
2 0.31493055555555555 0.2253472222222222 0.14513888888888893 0.08958333333333332
2 0.40208333333333335 0.15138888888888888 0.12083333333333335 0.04583333333333334
2 0.728125 0.21805555555555556 0.11458333333333326 0.07499999999999998
3 0.3541666666666667 0.51875 0.15000000000000002 0.08194444444444443
3 0.5131944444444444 0.5729166666666666 0.15972222222222215 0.08194444444444438
3 0.5111111111111111 0.1388888888888889 0.12777777777777777 0.07500000000000001
1 0.6072916666666667 0.5340277777777778 0.14236111111111116 0.1166666666666667
1 0.32083333333333336 0.40069444444444446 0.17361111111111108 0.08333333333333337
1 0.1451388888888889 0.3145833333333333 0.14166666666666666 0.11527777777777781
