0 0.434375 0.24409722222222222 0.09791666666666665 0.10625000000000001
0 0.40729166666666666 0.4826388888888889 0.07291666666666663 0.10416666666666663
0 0.6270833333333333 0.45625 0.13749999999999996 0.08194444444444449
3 0.7614583333333333 0.3732638888888889 0.1020833333333333 0.1020833333333333
3 0.19131944444444443 0.2722222222222222 0.0854166666666667 0.10833333333333331
3 0.13020833333333334 0.3784722222222222 0.1076388888888889 0.10416666666666663
2 0.5697916666666667 0.23576388888888888 0.07708333333333339 0.11458333333333334
2 0.6944444444444444 0.2795138888888889 0.06944444444444442 0.07291666666666666
2 0.6947916666666667 0.5888888888888889 0.12708333333333321 0.1333333333333333
1 0.23645833333333333 0.5006944444444444 0.11736111111111114 0.12916666666666665
1 0.30069444444444443 0.22256944444444443 0.08750000000000002 0.0854166666666667
1 0.3684027777777778 0.10173611111111111 0.07291666666666663 0.11458333333333331
