0 0.4166666666666667 0.24270833333333333 0.10833333333333328 0.10347222222222224
0 0.41458333333333336 0.484375 0.0708333333333333 0.10347222222222219
0 0.6270833333333333 0.4420138888888889 0.13749999999999996 0.06874999999999998
2 0.5479166666666667 0.22083333333333333 0.0708333333333333 0.1138888888888889
2 0.6770833333333334 0.25972222222222224 0.0625 0.07499999999999998
2 0.7041666666666667 0.56875 0.1166666666666667 0.13194444444444442
3 0.17777777777777778 0.2847222222222222 0.07500000000000001 0.10833333333333336
3 0.12465277777777778 0.3972222222222222 0.09375 0.09999999999999998
3 0.7479166666666667 0.35347222222222224 0.09583333333333344 0.10416666666666663
1 0.23645833333333333 0.5131944444444444 0.11597222222222225 0.125
1 0.28194444444444444 0.22812500000000002 0.07499999999999998 0.0965277777777778
1 0.3347222222222222 0.09965277777777778 0.06666666666666665 0.11041666666666666
