0 0.609375 0.25555555555555554 0.09375 0.08333333333333334
0 0.3548611111111111 0.30451388888888886 0.15694444444444444 0.06458333333333333
0 0.603125 0.40347222222222223 0.12708333333333344 0.05833333333333335
3 0.5267361111111111 0.16041666666666668 0.1340277777777778 0.0763888888888889
3 0.3173611111111111 0.5114583333333333 0.14861111111111114 0.09097222222222223
3 0.4666666666666667 0.5791666666666667 0.15833333333333338 0.0888888888888888
2 0.32743055555555556 0.22326388888888893 0.14513888888888893 0.09791666666666668
2 0.41875 0.15868055555555555 0.11250000000000004 0.04791666666666666
2 0.7354166666666667 0.2513888888888889 0.11250000000000004 0.08333333333333334
1 0.578125 0.5527777777777778 0.13402777777777786 0.11250000000000004
1 0.29965277777777777 0.39479166666666665 0.17291666666666664 0.08819444444444446
1 0.14340277777777777 0.2947916666666667 0.13541666666666663 0.11180555555555557
