0 0.6104166666666667 0.26493055555555556 0.09583333333333344 0.08125000000000002
0 0.3503472222222222 0.3020833333333333 0.14930555555555558 0.06805555555555554
0 0.590625 0.41354166666666664 0.1312500000000001 0.06180555555555556
2 0.4309027777777778 0.16180555555555556 0.11597222222222225 0.05833333333333335
2 0.3347222222222222 0.2222222222222222 0.14722222222222225 0.09999999999999998
2 0.7368055555555556 0.2677083333333333 0.11250000000000004 0.07847222222222225
3 0.5361111111111111 0.16666666666666666 0.13611111111111107 0.08055555555555555
3 0.2972222222222222 0.5055555555555555 0.14722222222222225 0.09166666666666662
3 0.43923611111111116 0.5805555555555556 0.15902777777777782 0.09166666666666656
1 0.5569444444444445 0.5548611111111111 0.125 0.125
1 0.28923611111111114 0.3892361111111111 0.16874999999999998 0.0854166666666667
1 0.140625 0.2864583333333333 0.13263888888888886 0.1201388888888889
