0 0.33576388888888886 0.15347222222222223 0.14097222222222228 0.12916666666666665
0 0.6145833333333334 0.2982638888888889 0.1333333333333333 0.06458333333333333
0 0.43645833333333334 0.4097222222222222 0.11041666666666672 0.125
2 0.728125 0.3958333333333333 0.07291666666666674 0.12777777777777777
2 0.5798611111111112 0.0829861111111111 0.09166666666666656 0.09374999999999999
2 0.43854166666666666 0.07847222222222222 0.10624999999999996 0.1375
3 0.6819444444444445 0.15833333333333333 0.0888888888888888 0.10555555555555557
3 0.11215277777777778 0.2847222222222222 0.10624999999999998 0.12916666666666665
3 0.13090277777777778 0.42916666666666664 0.10625000000000001 0.13888888888888895
1 0.2798611111111111 0.4965277777777778 0.0708333333333333 0.1416666666666666
1 0.20069444444444445 0.18715277777777778 0.1166666666666667 0.1395833333333333
1 0.19340277777777778 0.04201388888888889 0.07708333333333334 0.08402777777777778
