0 0.346875 0.18159722222222222 0.14236111111111105 0.13541666666666669
0 0.6291666666666667 0.3260416666666667 0.1333333333333333 0.07013888888888886
0 0.4510416666666667 0.4409722222222222 0.11458333333333331 0.12916666666666665
3 0.14479166666666668 0.4670138888888889 0.10486111111111113 0.13958333333333328
3 0.12777777777777777 0.31666666666666665 0.10416666666666669 0.13055555555555554
3 0.696875 0.18333333333333332 0.0854166666666667 0.11388888888888887
2 0.7416666666666667 0.42430555555555555 0.07499999999999996 0.125
2 0.5927083333333333 0.1045138888888889 0.08958333333333335 0.09375000000000001
2 0.45208333333333334 0.10069444444444445 0.10416666666666663 0.14999999999999997
1 0.29305555555555557 0.5239583333333333 0.0708333333333333 0.13680555555555562
1 0.21111111111111114 0.21770833333333334 0.12500000000000003 0.14236111111111108
1 0.19583333333333333 0.05520833333333333 0.09305555555555556 0.1076388888888889
