0 0.34618055555555555 0.30833333333333335 0.1659722222222222 0.17222222222222225
0 0.6375 0.41458333333333336 0.1333333333333333 0.09027777777777779
0 0.4756944444444444 0.5482638888888889 0.10972222222222228 0.13541666666666669
3 0.1975694444444444 0.6315972222222223 0.12291666666666665 0.14375000000000004
3 0.14583333333333334 0.4774305555555556 0.12222222222222223 0.1395833333333334
3 0.703125 0.2232638888888889 0.09375 0.1604166666666667
2 0.7489583333333333 0.5045138888888889 0.06875000000000009 0.12291666666666662
2 0.596875 0.14270833333333333 0.09791666666666665 0.13819444444444445
2 0.4395833333333333 0.14722222222222223 0.12916666666666665 0.16666666666666669
1 0.34131944444444445 0.6277777777777778 0.07291666666666663 0.12083333333333335
1 0.21215277777777777 0.3746527777777778 0.14375 0.18125000000000002
1 0.15486111111111112 0.1625 0.11666666666666668 0.1388888888888889
