0 0.31979166666666664 0.3388888888888889 0.16319444444444442 0.16666666666666663
0 0.603125 0.4253472222222222 0.12708333333333344 0.0854166666666667
0 0.4427083333333333 0.5451388888888888 0.11041666666666672 0.12916666666666665
2 0.41354166666666664 0.17222222222222222 0.12291666666666667 0.15833333333333333
2 0.7010416666666667 0.5034722222222222 0.07291666666666674 0.11250000000000004
2 0.5729166666666666 0.171875 0.09583333333333344 0.14513888888888893
3 0.6729166666666667 0.2420138888888889 0.08333333333333326 0.1520833333333333
3 0.12638888888888888 0.48854166666666665 0.12083333333333335 0.12986111111111115
3 0.18229166666666666 0.6315972222222223 0.1201388888888889 0.1395833333333334
1 0.3138888888888889 0.6111111111111112 0.0708333333333333 0.10416666666666674
1 0.19166666666666668 0.4017361111111111 0.15138888888888885 0.17708333333333337
1 0.134375 0.203125 0.12152777777777779 0.1284722222222222
