0 0.34131944444444445 0.24166666666666667 0.16319444444444442 0.17222222222222222
0 0.6395833333333333 0.3576388888888889 0.1333333333333333 0.08750000000000002
0 0.47152777777777777 0.49375 0.11527777777777781 0.1430555555555555
2 0.7510416666666667 0.45277777777777783 0.06875000000000009 0.13333333333333336
2 0.5958333333333333 0.08993055555555556 0.10000000000000009 0.13541666666666666
2 0.4395833333333333 0.09305555555555556 0.12916666666666665 0.16666666666666663
3 0.7020833333333333 0.17430555555555555 0.09583333333333344 0.15416666666666667
3 0.14027777777777778 0.40555555555555556 0.12083333333333335 0.15000000000000002
3 0.18819444444444444 0.5652777777777778 0.1166666666666667 0.14999999999999997
1 0.3350694444444444 0.5788194444444444 0.07291666666666663 0.12708333333333344
1 0.2111111111111111 0.30069444444444443 0.14166666666666666 0.17499999999999996
1 0.16145833333333334 0.08819444444444445 0.11597222222222221 0.15
