0 0.3159722222222222 0.12916666666666668 0.13888888888888887 0.11388888888888887
0 0.41215277777777776 0.3680555555555556 0.11319444444444449 0.1166666666666667
0 0.584375 0.26458333333333334 0.13541666666666674 0.05972222222222223
3 0.11319444444444444 0.3770833333333333 0.1 0.11805555555555558
3 0.10069444444444445 0.24791666666666667 0.10000000000000002 0.12361111111111112
3 0.6520833333333333 0.1451388888888889 0.08749999999999991 0.09583333333333333
2 0.55625 0.07708333333333334 0.07916666666666661 0.0763888888888889
2 0.4201388888888889 0.07430555555555554 0.10416666666666663 0.1375
2 0.7010416666666667 0.3572916666666667 0.07708333333333339 0.11736111111111114
1 0.25729166666666664 0.44652777777777786 0.07430555555555554 0.12500000000000006
1 0.1840277777777778 0.15902777777777777 0.11249999999999999 0.125
1 0.18333333333333332 0.03402777777777778 0.07361111111111113 0.06805555555555556
