0 0.353125 0.23229166666666667 0.16319444444444442 0.1659722222222222
0 0.6486111111111111 0.3597222222222222 0.13888888888888884 0.08750000000000002
0 0.475 0.49583333333333335 0.1166666666666667 0.14444444444444438
2 0.7614583333333333 0.45833333333333337 0.06875000000000009 0.1305555555555556
2 0.44861111111111107 0.09722222222222222 0.12222222222222218 0.16666666666666666
2 0.6027777777777777 0.09826388888888889 0.10277777777777786 0.13541666666666666
3 0.7090277777777778 0.17916666666666664 0.09027777777777768 0.15277777777777776
3 0.14479166666666668 0.39791666666666664 0.1201388888888889 0.14027777777777783
3 0.1892361111111111 0.5607638888888888 0.11875000000000002 0.15625
1 0.3375 0.5770833333333333 0.07361111111111107 0.13194444444444442
1 0.21875 0.2881944444444444 0.13888888888888887 0.17500000000000002
1 0.17569444444444443 0.08194444444444444 0.11249999999999999 0.15
