0 0.35833333333333334 0.2388888888888889 0.15833333333333333 0.16666666666666669
0 0.6520833333333333 0.3680555555555556 0.13749999999999996 0.08750000000000002
0 0.4770833333333333 0.5003472222222223 0.11249999999999999 0.14375000000000004
3 0.18819444444444444 0.5638888888888889 0.1166666666666667 0.15833333333333327
3 0.146875 0.40208333333333335 0.1173611111111111 0.14861111111111114
3 0.7135416666666666 0.18888888888888888 0.09375 0.14166666666666664
2 0.60625 0.1076388888888889 0.10000000000000009 0.125
2 0.4552083333333333 0.10625 0.12291666666666662 0.16527777777777777
2 0.7652777777777777 0.46597222222222223 0.07222222222222219 0.13749999999999996
1 0.33645833333333336 0.5868055555555556 0.07430555555555551 0.13749999999999996
1 0.221875 0.2947916666666667 0.13680555555555554 0.16319444444444442
1 0.184375 0.08819444444444445 0.10486111111111113 0.15
