0 0.3420138888888889 0.3326388888888889 0.1659722222222222 0.1708333333333333
0 0.6354166666666666 0.43194444444444446 0.12916666666666665 0.08333333333333337
0 0.46944444444444444 0.5635416666666667 0.11111111111111116 0.1381944444444445
2 0.43333333333333335 0.16701388888888888 0.125 0.16875
2 0.5947916666666667 0.16458333333333333 0.1020833333333333 0.14027777777777778
2 0.7385416666666667 0.5180555555555556 0.06458333333333344 0.11805555555555558
3 0.6986111111111111 0.23993055555555554 0.09444444444444455 0.15624999999999997
3 0.14340277777777777 0.5 0.12291666666666667 0.14444444444444438
3 0.19861111111111107 0.6524305555555555 0.12083333333333332 0.15625
1 0.33611111111111114 0.640625 0.07499999999999996 0.12152777777777768
1 0.2111111111111111 0.3996527777777778 0.14999999999999997 0.18541666666666667
1 0.1517361111111111 0.18819444444444444 0.12291666666666667 0.14166666666666664
