0 0.3559027777777778 0.19305555555555556 0.15069444444444446 0.14166666666666666
0 0.6416666666666667 0.33576388888888886 0.1416666666666666 0.06874999999999998
0 0.46319444444444446 0.4534722222222222 0.11527777777777781 0.13750000000000007
2 0.46319444444444446 0.10416666666666667 0.11250000000000004 0.1486111111111111
2 0.60625 0.10729166666666666 0.09166666666666656 0.09930555555555556
2 0.7572916666666667 0.4375 0.07291666666666674 0.13055555555555554
3 0.70625 0.18541666666666667 0.08749999999999991 0.11805555555555558
3 0.1375 0.32743055555555556 0.10694444444444445 0.13541666666666663
3 0.16006944444444443 0.48368055555555556 0.10625000000000001 0.1479166666666667
1 0.3090277777777778 0.5385416666666667 0.0708333333333333 0.13263888888888892
1 0.22152777777777777 0.23402777777777778 0.12083333333333335 0.15000000000000002
1 0.2048611111111111 0.06111111111111111 0.09166666666666667 0.12222222222222222
