0 0.3295138888888889 0.35 0.15763888888888888 0.16388888888888886
0 0.609375 0.43645833333333334 0.12708333333333321 0.08263888888888893
0 0.4465277777777778 0.5597222222222222 0.10972222222222217 0.125
2 0.7079861111111111 0.51875 0.07013888888888897 0.10972222222222228
2 0.578125 0.18194444444444444 0.08958333333333335 0.14166666666666666
2 0.41875 0.1819444444444444 0.12083333333333335 0.1583333333333333
3 0.6791666666666667 0.25555555555555554 0.08333333333333326 0.15000000000000002
3 0.13402777777777777 0.5055555555555555 0.125 0.12916666666666665
3 0.18645833333333334 0.6451388888888889 0.1201388888888889 0.13749999999999996
1 0.31979166666666664 0.6270833333333333 0.0673611111111111 0.10972222222222228
1 0.196875 0.4114583333333333 0.14513888888888887 0.17847222222222225
1 0.1371527777777778 0.21666666666666667 0.12291666666666667 0.13055555555555554
