0 0.37569444444444444 0.18888888888888888 0.14861111111111114 0.14583333333333337
0 0.6604166666666667 0.3326388888888889 0.13749999999999996 0.0708333333333333
0 0.4840277777777777 0.45 0.11527777777777776 0.13888888888888895
3 0.1798611111111111 0.4847222222222222 0.10833333333333334 0.15000000000000002
3 0.159375 0.3284722222222222 0.1076388888888889 0.13750000000000007
3 0.728125 0.17916666666666667 0.08958333333333335 0.12222222222222223
2 0.7746527777777777 0.4326388888888889 0.07152777777777786 0.12916666666666665
2 0.478125 0.09513888888888888 0.11041666666666661 0.15416666666666667
2 0.621875 0.10208333333333333 0.08958333333333335 0.10694444444444445
1 0.33402777777777776 0.5381944444444444 0.0708333333333333 0.1333333333333333
1 0.23819444444444443 0.22881944444444444 0.12083333333333335 0.1520833333333333
1 0.2236111111111111 0.05798611111111111 0.09166666666666665 0.11458333333333334
