0 0.33784722222222224 0.18472222222222223 0.13263888888888886 0.09999999999999998
0 0.43819444444444444 0.40034722222222224 0.10972222222222228 0.1020833333333333
0 0.6072916666666667 0.3076388888888889 0.12708333333333344 0.054166666666666696
2 0.43819444444444444 0.13784722222222223 0.0986111111111111 0.10625000000000001
2 0.56875 0.13680555555555557 0.08749999999999991 0.07083333333333332
2 0.721875 0.3854166666666667 0.07291666666666674 0.10138888888888886
3 0.6625 0.19826388888888888 0.08333333333333326 0.08541666666666664
3 0.13194444444444445 0.28680555555555554 0.09583333333333333 0.10416666666666666
3 0.14131944444444444 0.40555555555555556 0.10208333333333332 0.10833333333333339
1 0.28402777777777777 0.47916666666666663 0.0708333333333333 0.12222222222222218
1 0.21319444444444444 0.20347222222222222 0.11249999999999999 0.10833333333333331
1 0.20520833333333333 0.07395833333333333 0.07847222222222222 0.11319444444444446
