0 0.359375 0.23958333333333334 0.15625 0.1652777777777778
0 0.6520833333333333 0.37222222222222223 0.13749999999999996 0.08333333333333337
0 0.478125 0.5013888888888889 0.11458333333333331 0.14999999999999997
2 0.765625 0.4690972222222222 0.07291666666666674 0.13541666666666663
2 0.6097222222222223 0.11527777777777778 0.09166666666666656 0.125
2 0.459375 0.11180555555555555 0.11041666666666661 0.15416666666666667
3 0.7145833333333333 0.1951388888888889 0.09583333333333344 0.14583333333333331
3 0.15 0.39479166666666665 0.11388888888888887 0.14097222222222228
3 0.1857638888888889 0.5597222222222222 0.11458333333333331 0.15416666666666673
1 0.3347222222222222 0.5902777777777778 0.0708333333333333 0.13749999999999996
1 0.22569444444444445 0.2902777777777778 0.1291666666666667 0.16666666666666663
1 0.19027777777777777 0.090625 0.10416666666666669 0.1451388888888889
