0 0.38229166666666664 0.18958333333333333 0.1479166666666667 0.14861111111111114
0 0.6697916666666667 0.3315972222222222 0.1395833333333334 0.07291666666666663
0 0.49375 0.4520833333333334 0.1166666666666667 0.13472222222222224
2 0.4864583333333333 0.09062500000000001 0.11458333333333331 0.15763888888888888
2 0.6319444444444444 0.0920138888888889 0.0888888888888888 0.10208333333333332
2 0.7854166666666667 0.4309027777777778 0.0708333333333333 0.13541666666666663
3 0.7385416666666667 0.171875 0.08958333333333335 0.1284722222222222
3 0.17152777777777778 0.33576388888888886 0.10833333333333334 0.1395833333333334
3 0.19375 0.49479166666666663 0.10972222222222222 0.1506944444444444
1 0.34652777777777777 0.5371527777777778 0.0708333333333333 0.1395833333333334
1 0.24895833333333334 0.23194444444444445 0.12430555555555556 0.15416666666666667
1 0.22812500000000002 0.05659722222222222 0.09930555555555556 0.11319444444444444
