0 0.37916666666666665 0.20243055555555556 0.15000000000000002 0.1479166666666667
0 0.66875 0.33993055555555557 0.13749999999999996 0.07708333333333328
0 0.49375 0.4638888888888889 0.11250000000000004 0.1333333333333333
3 0.19756944444444444 0.509375 0.11041666666666666 0.15486111111111112
3 0.16979166666666667 0.35208333333333336 0.11180555555555555 0.1430555555555556
3 0.734375 0.175 0.08958333333333335 0.12777777777777777
2 0.7840277777777778 0.44305555555555554 0.07361111111111107 0.1333333333333333
2 0.4805555555555555 0.0954861111111111 0.11249999999999999 0.16041666666666665
2 0.6284722222222222 0.09513888888888888 0.09583333333333344 0.11666666666666668
1 0.34652777777777777 0.5510416666666667 0.0708333333333333 0.1340277777777778
1 0.246875 0.246875 0.1284722222222222 0.15763888888888888
1 0.22152777777777777 0.06180555555555556 0.09583333333333333 0.12361111111111112
