0 0.3232638888888889 0.14583333333333334 0.13680555555555562 0.11388888888888887
0 0.41770833333333335 0.3784722222222222 0.11041666666666661 0.11250000000000004
0 0.59375 0.2763888888888889 0.12916666666666665 0.050000000000000044
2 0.42569444444444443 0.08993055555555557 0.0986111111111111 0.12708333333333333
2 0.5590277777777778 0.0920138888888889 0.08194444444444438 0.07708333333333334
2 0.7038194444444444 0.3680555555555556 0.07013888888888897 0.1166666666666667
3 0.10729166666666666 0.2607638888888889 0.0965277777777778 0.11875000000000002
3 0.12152777777777778 0.3854166666666667 0.1 0.11527777777777781
3 0.65625 0.1607638888888889 0.07916666666666661 0.09791666666666665
1 0.2677083333333333 0.4579861111111111 0.07013888888888886 0.12291666666666662
1 0.19479166666666667 0.17395833333333333 0.10902777777777778 0.12152777777777779
1 0.18611111111111112 0.04201388888888889 0.07500000000000001 0.08402777777777778
