0 0.3138888888888889 0.11875 0.13888888888888887 0.12638888888888888
0 0.5881944444444445 0.25555555555555554 0.13194444444444442 0.05833333333333335
0 0.41041666666666665 0.36319444444444443 0.11250000000000004 0.12083333333333335
2 0.4215277777777778 0.05694444444444445 0.10972222222222217 0.1138888888888889
2 0.5572916666666666 0.05416666666666667 0.0854166666666667 0.08611111111111111
2 0.7045138888888889 0.3451388888888889 0.06458333333333344 0.12083333333333335
3 0.6552083333333333 0.12916666666666668 0.0854166666666667 0.10277777777777779
3 0.09444444444444444 0.23680555555555555 0.10416666666666669 0.12083333333333335
3 0.10694444444444444 0.37430555555555556 0.10416666666666666 0.12916666666666665
1 0.2569444444444444 0.4423611111111111 0.07499999999999998 0.12916666666666665
1 0.18020833333333333 0.14479166666666668 0.11319444444444443 0.12986111111111115
1 0.17673611111111112 0.025694444444444443 0.07291666666666669 0.05
