0 0.33368055555555554 0.3625 0.1659722222222222 0.1694444444444444
0 0.621875 0.4545138888888889 0.1312500000000001 0.08125000000000004
0 0.46111111111111114 0.5805555555555556 0.11111111111111116 0.1333333333333333
2 0.7239583333333334 0.5375 0.06875000000000009 0.11388888888888893
2 0.5864583333333333 0.18680555555555556 0.09791666666666665 0.14583333333333337
2 0.43125 0.18888888888888888 0.13055555555555554 0.16249999999999998
3 0.6916666666666667 0.26180555555555557 0.08749999999999991 0.15833333333333333
3 0.13541666666666666 0.5232638888888889 0.12361111111111112 0.13541666666666669
3 0.19131944444444443 0.6701388888888888 0.12291666666666667 0.14583333333333326
1 0.3298611111111111 0.6513888888888889 0.0708333333333333 0.10972222222222228
1 0.19895833333333332 0.428125 0.14930555555555552 0.17152777777777772
1 0.140625 0.2204861111111111 0.12430555555555556 0.13124999999999998
