0 0.3284722222222222 0.1638888888888889 0.1347222222222222 0.10833333333333334
0 0.425 0.38993055555555556 0.1166666666666667 0.10624999999999996
0 0.5954861111111112 0.2920138888888889 0.1298611111111112 0.05625000000000002
3 0.12777777777777777 0.3972222222222222 0.09999999999999999 0.1166666666666667
3 0.11770833333333333 0.275 0.09930555555555554 0.11111111111111113
3 0.6583333333333333 0.17743055555555556 0.08333333333333326 0.08958333333333335
2 0.7104166666666667 0.37743055555555555 0.0708333333333333 0.11041666666666672
2 0.5625 0.11180555555555556 0.07916666666666661 0.07083333333333333
2 0.42777777777777776 0.10868055555555556 0.09444444444444444 0.11458333333333331
1 0.2722222222222222 0.4673611111111111 0.0708333333333333 0.12916666666666665
1 0.20173611111111112 0.18958333333333333 0.11041666666666664 0.11527777777777781
1 0.19236111111111112 0.05347222222222223 0.07916666666666666 0.10694444444444445
