0 0.33993055555555557 0.17708333333333334 0.1368055555555555 0.10138888888888892
0 0.4395833333333333 0.3958333333333333 0.11250000000000004 0.10277777777777775
0 0.60625 0.3 0.12916666666666665 0.05277777777777781
3 0.13854166666666667 0.40625 0.10069444444444443 0.11527777777777781
3 0.12777777777777777 0.28680555555555554 0.09583333333333333 0.10416666666666666
3 0.6631944444444444 0.19305555555555556 0.08472222222222214 0.09166666666666667
2 0.7208333333333333 0.38472222222222224 0.06666666666666665 0.10833333333333328
2 0.4392361111111111 0.12708333333333333 0.10069444444444442 0.10694444444444445
2 0.5694444444444444 0.13055555555555556 0.08611111111111103 0.06666666666666665
1 0.28402777777777777 0.475 0.0708333333333333 0.11944444444444446
1 0.21145833333333333 0.20104166666666667 0.11736111111111108 0.10763888888888887
1 0.203125 0.06631944444444444 0.08263888888888887 0.11458333333333334
