0 0.37083333333333335 0.2222222222222222 0.15000000000000002 0.15833333333333333
0 0.6625 0.3572916666666667 0.1333333333333333 0.08263888888888893
0 0.48611111111111105 0.4847222222222222 0.11388888888888887 0.13750000000000007
2 0.4739583333333333 0.10972222222222222 0.11875000000000002 0.15833333333333333
2 0.625 0.11284722222222222 0.09166666666666656 0.11458333333333334
2 0.7746527777777777 0.45833333333333337 0.07152777777777786 0.13611111111111113
3 0.7260416666666667 0.1909722222222222 0.09375 0.13749999999999998
3 0.16319444444444445 0.3729166666666667 0.10833333333333334 0.1430555555555555
3 0.19236111111111112 0.5322916666666667 0.11666666666666664 0.15069444444444446
1 0.3423611111111111 0.5729166666666666 0.0708333333333333 0.13194444444444442
1 0.2385416666666667 0.26840277777777777 0.12847222222222224 0.1645833333333333
1 0.2111111111111111 0.07569444444444443 0.10000000000000003 0.14166666666666666
