0 0.3347222222222222 0.17430555555555555 0.13888888888888895 0.10416666666666669
0 0.43125 0.39791666666666664 0.11250000000000004 0.0986111111111111
0 0.6020833333333333 0.29930555555555555 0.12916666666666665 0.054166666666666696
2 0.4326388888888889 0.12604166666666666 0.09583333333333333 0.11180555555555555
2 0.5673611111111111 0.12638888888888888 0.08194444444444438 0.07500000000000001
2 0.7173611111111111 0.3819444444444444 0.07499999999999996 0.10833333333333339
3 0.6604166666666667 0.19166666666666668 0.08749999999999991 0.0888888888888889
3 0.121875 0.28680555555555554 0.09930555555555556 0.11250000000000002
3 0.1326388888888889 0.4076388888888889 0.10416666666666669 0.11250000000000004
1 0.2798611111111111 0.47881944444444446 0.0708333333333333 0.12291666666666662
1 0.2048611111111111 0.20277777777777778 0.10833333333333331 0.11250000000000002
1 0.19895833333333332 0.06354166666666666 0.07569444444444445 0.11597222222222223
