0 0.36180555555555555 0.24062499999999998 0.16249999999999998 0.15902777777777774
0 0.6520833333333333 0.3701388888888889 0.13749999999999996 0.08333333333333337
0 0.48020833333333335 0.49895833333333334 0.11458333333333331 0.14097222222222217
3 0.18506944444444445 0.5513888888888889 0.11458333333333331 0.15138888888888885
3 0.15069444444444444 0.3909722222222222 0.10833333333333334 0.14166666666666672
3 0.7173611111111111 0.2 0.09027777777777768 0.13888888888888892
2 0.46458333333333335 0.11875 0.11250000000000004 0.15694444444444444
2 0.6114583333333333 0.11909722222222222 0.09791666666666665 0.11458333333333331
2 0.7690972222222222 0.47152777777777777 0.08125000000000004 0.13749999999999996
1 0.3375 0.5864583333333333 0.07638888888888884 0.12847222222222232
1 0.2267361111111111 0.2864583333333333 0.13125000000000003 0.16180555555555554
1 0.19652777777777777 0.08958333333333332 0.10000000000000003 0.14027777777777778
