0 0.3194444444444444 0.12638888888888888 0.1444444444444444 0.1333333333333333
0 0.5989583333333334 0.2659722222222222 0.1312500000000001 0.0625
0 0.41875 0.3732638888888889 0.11250000000000004 0.11875000000000002
3 0.11423611111111111 0.3888888888888889 0.10624999999999998 0.12916666666666665
3 0.10104166666666667 0.2513888888888889 0.10069444444444446 0.125
3 0.6652777777777777 0.13576388888888888 0.0888888888888888 0.10625000000000001
2 0.42777777777777776 0.06180555555555556 0.10555555555555551 0.12083333333333335
2 0.5666666666666667 0.06180555555555556 0.08333333333333326 0.0875
2 0.7114583333333333 0.3638888888888889 0.07708333333333339 0.125
1 0.2642361111111111 0.45729166666666665 0.07291666666666666 0.13680555555555562
1 0.18645833333333334 0.15520833333333334 0.11597222222222225 0.14097222222222222
1 0.1829861111111111 0.029513888888888888 0.07708333333333334 0.059027777777777776
