0 0.32534722222222223 0.35138888888888886 0.16180555555555554 0.16666666666666663
0 0.6027777777777777 0.4361111111111111 0.12777777777777777 0.08333333333333337
0 0.4444444444444444 0.5569444444444445 0.10555555555555551 0.125
3 0.18472222222222223 0.6430555555555556 0.1166666666666667 0.1333333333333333
3 0.12986111111111112 0.5024305555555556 0.125 0.12708333333333338
3 0.6729166666666667 0.25243055555555555 0.08749999999999991 0.15208333333333335
2 0.7020833333333333 0.5180555555555556 0.06666666666666665 0.10833333333333339
2 0.571875 0.18541666666666667 0.08958333333333335 0.14861111111111114
2 0.41875 0.18368055555555557 0.12083333333333335 0.15625
1 0.3173611111111111 0.6260416666666667 0.0708333333333333 0.10763888888888884
1 0.19131944444444443 0.41423611111111114 0.15208333333333335 0.1729166666666666
1 0.13506944444444444 0.21770833333333334 0.12291666666666667 0.12430555555555556
