0 0.33576388888888886 0.3576388888888889 0.17013888888888884 0.17083333333333328
0 0.6277777777777778 0.44930555555555557 0.13055555555555554 0.08750000000000002
0 0.4635416666666667 0.5833333333333334 0.11041666666666672 0.13611111111111107
3 0.19374999999999998 0.6722222222222223 0.12361111111111109 0.1499999999999999
3 0.1361111111111111 0.5229166666666667 0.1291666666666667 0.14027777777777772
3 0.6951388888888889 0.2625 0.09166666666666656 0.1597222222222222
2 0.43333333333333335 0.1875 0.1333333333333333 0.16388888888888886
2 0.5895833333333333 0.18680555555555556 0.10416666666666674 0.14583333333333337
2 0.7322916666666667 0.5402777777777777 0.06875000000000009 0.1166666666666667
1 0.334375 0.6555555555555556 0.07847222222222228 0.10972222222222228
1 0.20208333333333334 0.4236111111111111 0.15555555555555556 0.17083333333333328
1 0.14305555555555555 0.21145833333333333 0.12083333333333335 0.13680555555555557
